# BEGIN PLOT
LegendOnly=/CMS_2021_I1972986/d23-x01-y01 /prehadron1.yoda/CMS_2021_I1972986/d23-x01-y01 /posthadron1.yoda/CMS_2021_I1972986/d23-x01-y01
DrawOnly=/CMS_2021_I1972986/d23-x01-y01 /prehadron1.yoda/CMS_2021_I1972986/d23-x01-y01 /posthadron1.yoda/CMS_2021_I1972986/d23-x01-y01
Title=CMS, $\sqrt(s)$ = 13 TeV, Inclusive AK7 jets, $1.0 < |y| < 1.5$
RatioPlotReference=/CMS_2021_I1972986/d23-x01-y01
RatioPlot=1
LogX=1
LogY=1
RatioPlotYMax=1.4
LegendXPos=0.65
XLabel=$p_{T}$ [GeV]
YLabel=d$^2\sigma$/d$p_{T}$d$y$ [pb/GeV]
LegendYPos=0.95
Legend=1
RatioPlotYMin=0.6
FullRange=1
# END PLOT

# BEGIN HISTO1D /CMS_2021_I1972986/d23-x01-y01
ConnectBins=0
ErrorBars=1
IsRef=1
Path=/CMS_2021_I1972986/d23-x01-y01
PolyMarker=*
Title=Data
# xlow	 xhigh	 val	 errminus	 errplus
9.700000e+01	1.330000e+02	1.233000e+04	7.341257e+02	7.341257e+02
1.330000e+02	1.740000e+02	2.636100e+03	1.289461e+02	1.289461e+02
1.740000e+02	2.200000e+02	6.942100e+02	3.130901e+01	3.130901e+01
2.200000e+02	2.720000e+02	2.031500e+02	8.814384e+00	8.814384e+00
2.720000e+02	3.300000e+02	6.440400e+01	2.761782e+00	2.761782e+00
3.300000e+02	3.950000e+02	2.195600e+01	9.530258e-01	9.530258e-01
3.950000e+02	4.680000e+02	7.813100e+00	3.487576e-01	3.487576e-01
4.680000e+02	5.480000e+02	2.856500e+00	1.341957e-01	1.341957e-01
5.480000e+02	6.380000e+02	1.076000e+00	5.403755e-02	5.403755e-02
6.380000e+02	7.370000e+02	4.060600e-01	2.223318e-02	2.223318e-02
7.370000e+02	8.460000e+02	1.557300e-01	9.438165e-03	9.438165e-03
8.460000e+02	9.670000e+02	5.818000e-02	3.955196e-03	3.955196e-03
9.670000e+02	1.101000e+03	2.140700e-02	1.654477e-03	1.654477e-03
1.101000e+03	1.248000e+03	7.611300e-03	6.772960e-04	6.772960e-04
1.248000e+03	1.410000e+03	2.565300e-03	2.653674e-04	2.653674e-04
1.410000e+03	1.588000e+03	8.125000e-04	9.902570e-05	9.902570e-05
1.588000e+03	1.784000e+03	2.202300e-04	3.273929e-05	3.273929e-05
1.784000e+03	2.000000e+03	5.505100e-05	1.108755e-05	1.108755e-05
2.000000e+03	2.238000e+03	1.464700e-05	3.883734e-06	3.883734e-06
# END HISTO1D


# BEGIN HISTO1D /prehadron1.yoda/CMS_2021_I1972986/d23-x01-y01
ErrorBars=1
LineColor=red
LineStyle=solid
Path=/prehadron1.yoda/CMS_2021_I1972986/d23-x01-y01
ScaledBy=8.67315040701541901e+07
Title=PS
# xlow	 xhigh	 val	 errminus	 errplus
9.700000e+01	1.330000e+02	9.937292e+03	2.081742e+03	2.081742e+03
1.330000e+02	1.740000e+02	1.976049e+03	5.049037e+02	5.049037e+02
1.740000e+02	2.200000e+02	5.986720e+02	1.492450e+02	1.492450e+02
2.200000e+02	2.720000e+02	1.915167e+02	4.189222e+01	4.189222e+01
2.720000e+02	3.300000e+02	3.578248e+01	1.137656e+01	1.137656e+01
3.300000e+02	3.950000e+02	2.031288e+01	6.488358e+00	6.488358e+00
3.950000e+02	4.680000e+02	8.500223e+00	2.236609e+00	2.236609e+00
4.680000e+02	5.480000e+02	2.004913e+00	6.215994e-01	6.215994e-01
5.480000e+02	6.380000e+02	1.146502e+00	3.323062e-01	3.323062e-01
6.380000e+02	7.370000e+02	3.102486e-01	1.065929e-01	1.065929e-01
7.370000e+02	8.460000e+02	1.690845e-01	5.244117e-02	5.244117e-02
8.460000e+02	9.670000e+02	5.408549e-02	2.231737e-02	2.231737e-02
9.670000e+02	1.101000e+03	8.163448e-03	5.222024e-03	5.222024e-03
1.101000e+03	1.248000e+03	8.643252e-03	3.971596e-03	3.971596e-03
1.248000e+03	1.410000e+03	5.585576e-03	2.358253e-03	2.358253e-03
1.410000e+03	1.588000e+03	4.417922e-04	4.417922e-04	4.417922e-04
1.588000e+03	1.784000e+03	1.946358e-04	1.946358e-04	1.946358e-04
1.784000e+03	2.000000e+03	1.618342e-04	1.618341e-04	1.618341e-04
2.000000e+03	2.238000e+03	1.128068e-04	1.128068e-04	1.128068e-04
# END HISTO1D


# BEGIN HISTO1D /posthadron1.yoda/CMS_2021_I1972986/d23-x01-y01
ErrorBars=1
LineColor=blue
LineStyle=solid
Path=/posthadron1.yoda/CMS_2021_I1972986/d23-x01-y01
ScaledBy=5.11605989339575231e+08
Title=PS+MPI+HAD
# xlow	 xhigh	 val	 errminus	 errplus
9.700000e+01	1.330000e+02	3.762525e+03	2.052481e+03	2.052481e+03
1.330000e+02	1.740000e+02	4.725437e+03	2.031803e+03	2.031803e+03
1.740000e+02	2.200000e+02	1.993260e+03	8.083783e+02	8.083783e+02
2.200000e+02	2.720000e+02	9.120777e+01	6.035107e+01	6.035107e+01
2.720000e+02	3.300000e+02	1.533940e+02	5.016200e+01	5.016200e+01
3.300000e+02	3.950000e+02	3.997915e+01	1.661750e+01	1.661750e+01
3.950000e+02	4.680000e+02	1.428067e+01	1.156206e+01	1.156206e+01
4.680000e+02	5.480000e+02	1.783979e+00	1.301461e+00	1.301461e+00
5.480000e+02	6.380000e+02	1.271144e+00	8.073601e-01	8.073601e-01
6.380000e+02	7.370000e+02	1.564764e+00	1.284864e+00	1.284864e+00
7.370000e+02	8.460000e+02	0.000000e+00	0.000000e+00	0.000000e+00
8.460000e+02	9.670000e+02	5.409079e-02	4.818395e-02	4.818395e-02
9.670000e+02	1.101000e+03	0.000000e+00	0.000000e+00	0.000000e+00
1.101000e+03	1.248000e+03	0.000000e+00	0.000000e+00	0.000000e+00
1.248000e+03	1.410000e+03	0.000000e+00	0.000000e+00	0.000000e+00
1.410000e+03	1.588000e+03	3.271270e-03	3.271270e-03	3.271270e-03
1.588000e+03	1.784000e+03	0.000000e+00	0.000000e+00	0.000000e+00
1.784000e+03	2.000000e+03	0.000000e+00	0.000000e+00	0.000000e+00
2.000000e+03	2.238000e+03	0.000000e+00	0.000000e+00	0.000000e+00
# END HISTO1D

