# BEGIN PLOT
LegendOnly=/CMS_2021_I1972986/d21-x01-y01 /CUETP8M1-NNPDF2.3LO_HardQCD_1Bprehadron_merged.yoda/CMS_2021_I1972986/d21-x01-y01 /CUETP8M1-NNPDF2.3LO_HardQCD_1Bposthadron_merged.yoda/CMS_2021_I1972986/d21-x01-y01
DrawOnly=/CMS_2021_I1972986/d21-x01-y01 /CUETP8M1-NNPDF2.3LO_HardQCD_1Bprehadron_merged.yoda/CMS_2021_I1972986/d21-x01-y01 /CUETP8M1-NNPDF2.3LO_HardQCD_1Bposthadron_merged.yoda/CMS_2021_I1972986/d21-x01-y01
Title=CMS, $\sqrt(s)$ = 13 TeV, Inclusive AK7 jets, $0.0 < |y| < 0.5$
RatioPlotReference=/CMS_2021_I1972986/d21-x01-y01
RatioPlot=1
LogX=1
LogY=1
RatioPlotYMax=1.4
LegendXPos=0.65
XLabel=$p_{T}$ [GeV]
YLabel=d$^2\sigma$/d$p_{T}$d$y$ [pb/GeV]
LegendYPos=0.95
Legend=1
RatioPlotYMin=0.6
FullRange=1
# END PLOT

# BEGIN HISTO1D /CMS_2021_I1972986/d21-x01-y01
ConnectBins=0
ErrorBars=1
IsRef=1
Path=/CMS_2021_I1972986/d21-x01-y01
PolyMarker=*
Title=Data
# xlow	 xhigh	 val	 errminus	 errplus
9.700000e+01	1.330000e+02	1.473900e+04	7.487453e+02	7.487453e+02
1.330000e+02	1.740000e+02	3.236100e+03	1.419588e+02	1.419588e+02
1.740000e+02	2.200000e+02	8.605300e+02	3.571459e+01	3.571459e+01
2.200000e+02	2.720000e+02	2.574300e+02	1.032110e+01	1.032110e+01
2.720000e+02	3.300000e+02	8.538700e+01	3.318388e+00	3.318388e+00
3.300000e+02	3.950000e+02	2.965500e+01	1.135831e+00	1.135831e+00
3.950000e+02	4.680000e+02	1.099500e+01	4.155528e-01	4.155528e-01
4.680000e+02	5.480000e+02	4.189300e+00	1.578436e-01	1.578436e-01
5.480000e+02	6.380000e+02	1.658000e+00	6.285407e-02	6.285407e-02
6.380000e+02	7.370000e+02	6.663900e-01	2.567876e-02	2.567876e-02
7.370000e+02	8.460000e+02	2.737700e-01	1.083807e-02	1.083807e-02
8.460000e+02	9.670000e+02	1.137100e-01	4.663706e-03	4.663706e-03
9.670000e+02	1.101000e+03	4.685800e-02	2.006821e-03	2.006821e-03
1.101000e+03	1.248000e+03	1.937700e-02	8.757163e-04	8.757163e-04
1.248000e+03	1.410000e+03	7.955900e-03	3.849263e-04	3.849263e-04
1.410000e+03	1.588000e+03	3.274400e-03	1.717812e-04	1.717812e-04
1.588000e+03	1.784000e+03	1.251500e-03	7.276907e-05	7.276907e-05
1.784000e+03	2.000000e+03	4.742700e-04	3.149750e-05	3.149750e-05
2.000000e+03	2.238000e+03	1.815900e-04	1.426657e-05	1.426657e-05
2.238000e+03	2.500000e+03	6.127500e-05	6.279759e-06	6.279759e-06
2.500000e+03	2.787000e+03	1.934800e-05	2.885537e-06	2.885537e-06
2.787000e+03	3.103000e+03	4.600800e-06	1.299444e-06	1.299444e-06
# END HISTO1D


# BEGIN HISTO1D /CUETP8M1-NNPDF2.3LO_HardQCD_1Bprehadron_merged.yoda/CMS_2021_I1972986/d21-x01-y01
ErrorBars=1
LineColor=red
LineStyle=solid
Path=/CUETP8M1-NNPDF2.3LO_HardQCD_1Bprehadron_merged.yoda/CMS_2021_I1972986/d21-x01-y01
ScaledBy=1.17669439859476639e+05
Title=PS
# xlow	 xhigh	 val	 errminus	 errplus
9.700000e+01	1.330000e+02	1.561123e+04	1.065684e+02	1.065684e+02
1.330000e+02	1.740000e+02	3.510961e+03	2.532251e+01	2.532251e+01
1.740000e+02	2.200000e+02	9.250467e+02	7.191231e+00	7.191231e+00
2.200000e+02	2.720000e+02	2.826600e+02	2.277940e+00	2.277940e+00
2.720000e+02	3.300000e+02	9.232259e+01	7.841964e-01	7.841964e-01
3.300000e+02	3.950000e+02	3.278529e+01	3.069820e-01	3.069820e-01
3.950000e+02	4.680000e+02	1.208484e+01	1.188897e-01	1.188897e-01
4.680000e+02	5.480000e+02	4.747399e+00	4.983872e-02	4.983872e-02
5.480000e+02	6.380000e+02	1.873762e+00	2.180209e-02	2.180209e-02
6.380000e+02	7.370000e+02	7.586100e-01	9.511347e-03	9.511347e-03
7.370000e+02	8.460000e+02	3.226429e-01	4.422611e-03	4.422611e-03
8.460000e+02	9.670000e+02	1.278050e-01	1.900408e-03	1.900408e-03
9.670000e+02	1.101000e+03	5.350869e-02	9.068951e-04	9.068951e-04
1.101000e+03	1.248000e+03	2.311948e-02	4.234106e-04	4.234106e-04
1.248000e+03	1.410000e+03	9.130877e-03	1.958121e-04	1.958121e-04
1.410000e+03	1.588000e+03	3.674635e-03	9.088488e-05	9.088488e-05
1.588000e+03	1.784000e+03	1.454341e-03	4.253512e-05	4.253512e-05
1.784000e+03	2.000000e+03	5.055880e-04	1.821238e-05	1.821238e-05
2.000000e+03	2.238000e+03	1.715977e-04	7.899145e-06	7.899145e-06
2.238000e+03	2.500000e+03	6.231248e-05	3.814912e-06	3.814912e-06
2.500000e+03	2.787000e+03	1.623545e-05	1.355034e-06	1.355034e-06
2.787000e+03	3.103000e+03	4.683611e-06	5.365200e-07	5.365200e-07
# END HISTO1D


# BEGIN HISTO1D /CUETP8M1-NNPDF2.3LO_HardQCD_1Bposthadron_merged.yoda/CMS_2021_I1972986/d21-x01-y01
ErrorBars=1
LineColor=blue
LineStyle=solid
Path=/CUETP8M1-NNPDF2.3LO_HardQCD_1Bposthadron_merged.yoda/CMS_2021_I1972986/d21-x01-y01
ScaledBy=1.33155719344229880e+06
Title=PS+HAD+MPI
# xlow	 xhigh	 val	 errminus	 errplus
9.700000e+01	1.330000e+02	1.798572e+04	4.150343e+02	4.150343e+02
1.330000e+02	1.740000e+02	3.690078e+03	9.177761e+01	9.177761e+01
1.740000e+02	2.200000e+02	9.278517e+02	2.325264e+01	2.325264e+01
2.200000e+02	2.720000e+02	2.860613e+02	7.738259e+00	7.738259e+00
2.720000e+02	3.300000e+02	9.570541e+01	2.820125e+00	2.820125e+00
3.300000e+02	3.950000e+02	3.379098e+01	1.029661e+00	1.029661e+00
3.950000e+02	4.680000e+02	1.122040e+01	3.686115e-01	3.686115e-01
4.680000e+02	5.480000e+02	4.759484e+00	1.766753e-01	1.766753e-01
5.480000e+02	6.380000e+02	1.839423e+00	7.107028e-02	7.107028e-02
6.380000e+02	7.370000e+02	7.106915e-01	2.937838e-02	2.937838e-02
7.370000e+02	8.460000e+02	3.027052e-01	1.463072e-02	1.463072e-02
8.460000e+02	9.670000e+02	1.225369e-01	5.889201e-03	5.889201e-03
9.670000e+02	1.101000e+03	5.083722e-02	2.778088e-03	2.778088e-03
1.101000e+03	1.248000e+03	2.265767e-02	1.570552e-03	1.570552e-03
1.248000e+03	1.410000e+03	9.156593e-03	6.493739e-04	6.493739e-04
1.410000e+03	1.588000e+03	3.206742e-03	2.674381e-04	2.674381e-04
1.588000e+03	1.784000e+03	1.366312e-03	1.385948e-04	1.385948e-04
1.784000e+03	2.000000e+03	6.313931e-04	7.740263e-05	7.740263e-05
2.000000e+03	2.238000e+03	2.060921e-04	2.838923e-05	2.838923e-05
2.238000e+03	2.500000e+03	7.358794e-05	1.291497e-05	1.291497e-05
2.500000e+03	2.787000e+03	2.069533e-05	5.540797e-06	5.540797e-06
2.787000e+03	3.103000e+03	5.577731e-06	2.055097e-06	2.055097e-06
# END HISTO1D

