# BEGIN PLOT
LegendOnly=/CMS_2021_I1972986/d23-x01-y01 /CUETP8M1-NNPDF2.3LO_HardQCD_1Bprehadron_merged.yoda/CMS_2021_I1972986/d23-x01-y01 /CUETP8M1-NNPDF2.3LO_HardQCD_1Bposthadron_merged.yoda/CMS_2021_I1972986/d23-x01-y01
DrawOnly=/CMS_2021_I1972986/d23-x01-y01 /CUETP8M1-NNPDF2.3LO_HardQCD_1Bprehadron_merged.yoda/CMS_2021_I1972986/d23-x01-y01 /CUETP8M1-NNPDF2.3LO_HardQCD_1Bposthadron_merged.yoda/CMS_2021_I1972986/d23-x01-y01
Title=CMS, $\sqrt(s)$ = 13 TeV, Inclusive AK7 jets, $1.0 < |y| < 1.5$
RatioPlotReference=/CMS_2021_I1972986/d23-x01-y01
RatioPlot=1
LogX=1
LogY=1
RatioPlotYMax=1.4
LegendXPos=0.65
XLabel=$p_{T}$ [GeV]
YLabel=d$^2\sigma$/d$p_{T}$d$y$ [pb/GeV]
LegendYPos=0.95
Legend=1
RatioPlotYMin=0.6
FullRange=1
# END PLOT

# BEGIN HISTO1D /CMS_2021_I1972986/d23-x01-y01
ConnectBins=0
ErrorBars=1
IsRef=1
Path=/CMS_2021_I1972986/d23-x01-y01
PolyMarker=*
Title=Data
# xlow	 xhigh	 val	 errminus	 errplus
9.700000e+01	1.330000e+02	1.233000e+04	7.341257e+02	7.341257e+02
1.330000e+02	1.740000e+02	2.636100e+03	1.289461e+02	1.289461e+02
1.740000e+02	2.200000e+02	6.942100e+02	3.130901e+01	3.130901e+01
2.200000e+02	2.720000e+02	2.031500e+02	8.814384e+00	8.814384e+00
2.720000e+02	3.300000e+02	6.440400e+01	2.761782e+00	2.761782e+00
3.300000e+02	3.950000e+02	2.195600e+01	9.530258e-01	9.530258e-01
3.950000e+02	4.680000e+02	7.813100e+00	3.487576e-01	3.487576e-01
4.680000e+02	5.480000e+02	2.856500e+00	1.341957e-01	1.341957e-01
5.480000e+02	6.380000e+02	1.076000e+00	5.403755e-02	5.403755e-02
6.380000e+02	7.370000e+02	4.060600e-01	2.223318e-02	2.223318e-02
7.370000e+02	8.460000e+02	1.557300e-01	9.438165e-03	9.438165e-03
8.460000e+02	9.670000e+02	5.818000e-02	3.955196e-03	3.955196e-03
9.670000e+02	1.101000e+03	2.140700e-02	1.654477e-03	1.654477e-03
1.101000e+03	1.248000e+03	7.611300e-03	6.772960e-04	6.772960e-04
1.248000e+03	1.410000e+03	2.565300e-03	2.653674e-04	2.653674e-04
1.410000e+03	1.588000e+03	8.125000e-04	9.902570e-05	9.902570e-05
1.588000e+03	1.784000e+03	2.202300e-04	3.273929e-05	3.273929e-05
1.784000e+03	2.000000e+03	5.505100e-05	1.108755e-05	1.108755e-05
2.000000e+03	2.238000e+03	1.464700e-05	3.883734e-06	3.883734e-06
# END HISTO1D


# BEGIN HISTO1D /CUETP8M1-NNPDF2.3LO_HardQCD_1Bprehadron_merged.yoda/CMS_2021_I1972986/d23-x01-y01
ErrorBars=1
LineColor=red
LineStyle=solid
Path=/CUETP8M1-NNPDF2.3LO_HardQCD_1Bprehadron_merged.yoda/CMS_2021_I1972986/d23-x01-y01
ScaledBy=1.17669439859476639e+05
Title=PS
# xlow	 xhigh	 val	 errminus	 errplus
9.700000e+01	1.330000e+02	1.339960e+04	9.923994e+01	9.923994e+01
1.330000e+02	1.740000e+02	2.935859e+03	2.241918e+01	2.241918e+01
1.740000e+02	2.200000e+02	7.626054e+02	6.228555e+00	6.228555e+00
2.200000e+02	2.720000e+02	2.225837e+02	1.952488e+00	1.952488e+00
2.720000e+02	3.300000e+02	7.399203e+01	7.165860e-01	7.165860e-01
3.300000e+02	3.950000e+02	2.465095e+01	2.508042e-01	2.508042e-01
3.950000e+02	4.680000e+02	8.966630e+00	1.000556e-01	1.000556e-01
4.680000e+02	5.480000e+02	3.332904e+00	4.095193e-02	4.095193e-02
5.480000e+02	6.380000e+02	1.224084e+00	1.671537e-02	1.671537e-02
6.380000e+02	7.370000e+02	4.673429e-01	7.035223e-03	7.035223e-03
7.370000e+02	8.460000e+02	1.808903e-01	3.048243e-03	3.048243e-03
8.460000e+02	9.670000e+02	6.705583e-02	1.307591e-03	1.307591e-03
9.670000e+02	1.101000e+03	2.502057e-02	5.696396e-04	5.696396e-04
1.101000e+03	1.248000e+03	8.111810e-03	2.441376e-04	2.441376e-04
1.248000e+03	1.410000e+03	2.913959e-03	1.125432e-04	1.125432e-04
1.410000e+03	1.588000e+03	8.817854e-04	4.236285e-05	4.236285e-05
1.588000e+03	1.784000e+03	2.943410e-04	1.799918e-05	1.799918e-05
1.784000e+03	2.000000e+03	7.520426e-05	6.487900e-06	6.487900e-06
2.000000e+03	2.238000e+03	1.418190e-05	2.292156e-06	2.292156e-06
# END HISTO1D


# BEGIN HISTO1D /CUETP8M1-NNPDF2.3LO_HardQCD_1Bposthadron_merged.yoda/CMS_2021_I1972986/d23-x01-y01
ErrorBars=1
LineColor=blue
LineStyle=solid
Path=/CUETP8M1-NNPDF2.3LO_HardQCD_1Bposthadron_merged.yoda/CMS_2021_I1972986/d23-x01-y01
ScaledBy=1.33155719344229880e+06
Title=PS+HAD+MPI
# xlow	 xhigh	 val	 errminus	 errplus
9.700000e+01	1.330000e+02	1.499356e+04	3.710711e+02	3.710711e+02
1.330000e+02	1.740000e+02	3.045807e+03	8.029856e+01	8.029856e+01
1.740000e+02	2.200000e+02	8.134104e+02	2.341535e+01	2.341535e+01
2.200000e+02	2.720000e+02	2.228285e+02	6.516158e+00	6.516158e+00
2.720000e+02	3.300000e+02	7.440138e+01	2.515724e+00	2.515724e+00
3.300000e+02	3.950000e+02	2.615705e+01	9.333777e-01	9.333777e-01
3.950000e+02	4.680000e+02	9.406033e+00	3.580462e-01	3.580462e-01
4.680000e+02	5.480000e+02	3.212605e+00	1.364279e-01	1.364279e-01
5.480000e+02	6.380000e+02	1.182057e+00	5.323647e-02	5.323647e-02
6.380000e+02	7.370000e+02	5.152931e-01	2.709548e-02	2.709548e-02
7.370000e+02	8.460000e+02	1.719307e-01	9.247256e-03	9.247256e-03
8.460000e+02	9.670000e+02	6.448598e-02	4.370399e-03	4.370399e-03
9.670000e+02	1.101000e+03	2.475713e-02	1.885626e-03	1.885626e-03
1.101000e+03	1.248000e+03	8.223558e-03	8.531602e-04	8.531602e-04
1.248000e+03	1.410000e+03	2.869510e-03	3.055635e-04	3.055635e-04
1.410000e+03	1.588000e+03	7.308803e-04	1.225002e-04	1.225002e-04
1.588000e+03	1.784000e+03	3.164380e-04	5.476318e-05	5.476318e-05
1.784000e+03	2.000000e+03	5.125398e-05	1.631861e-05	1.631861e-05
2.000000e+03	2.238000e+03	3.302748e-05	1.213274e-05	1.213274e-05
# END HISTO1D

