# BEGIN PLOT
LegendOnly=/CMS_2021_I1972986/d21-x01-y01 /suppr400_bornktmin15_1B_ParsiParams_MSTP_posthadron_merged.yoda/CMS_2021_I1972986/d21-x01-y01 /suppr400_bornktmin15_1B_ParsiParams_MSTP_prehadron_merged.yoda/CMS_2021_I1972986/d21-x01-y01
DrawOnly=/CMS_2021_I1972986/d21-x01-y01 /suppr400_bornktmin15_1B_ParsiParams_MSTP_posthadron_merged.yoda/CMS_2021_I1972986/d21-x01-y01 /suppr400_bornktmin15_1B_ParsiParams_MSTP_prehadron_merged.yoda/CMS_2021_I1972986/d21-x01-y01
Title=CMS, $\sqrt(s)$ = 13 TeV, Inclusive AK7 jets, $0.0 < |y| < 0.5$
RatioPlotReference=/CMS_2021_I1972986/d21-x01-y01
RatioPlot=1
LogX=1
LogY=1
RatioPlotYMax=1.4
LegendXPos=0.65
XLabel=$p_{T}$ [GeV]
YLabel=d$^2\sigma$/d$p_{T}$d$y$ [pb/GeV]
LegendYPos=0.95
Legend=1
RatioPlotYMin=0.6
FullRange=1
# END PLOT

# BEGIN HISTO1D /CMS_2021_I1972986/d21-x01-y01
ConnectBins=0
ErrorBars=1
IsRef=1
Path=/CMS_2021_I1972986/d21-x01-y01
PolyMarker=*
Title=Data
# xlow	 xhigh	 val	 errminus	 errplus
9.700000e+01	1.330000e+02	1.473900e+04	7.487453e+02	7.487453e+02
1.330000e+02	1.740000e+02	3.236100e+03	1.419588e+02	1.419588e+02
1.740000e+02	2.200000e+02	8.605300e+02	3.571459e+01	3.571459e+01
2.200000e+02	2.720000e+02	2.574300e+02	1.032110e+01	1.032110e+01
2.720000e+02	3.300000e+02	8.538700e+01	3.318388e+00	3.318388e+00
3.300000e+02	3.950000e+02	2.965500e+01	1.135831e+00	1.135831e+00
3.950000e+02	4.680000e+02	1.099500e+01	4.155528e-01	4.155528e-01
4.680000e+02	5.480000e+02	4.189300e+00	1.578436e-01	1.578436e-01
5.480000e+02	6.380000e+02	1.658000e+00	6.285407e-02	6.285407e-02
6.380000e+02	7.370000e+02	6.663900e-01	2.567876e-02	2.567876e-02
7.370000e+02	8.460000e+02	2.737700e-01	1.083807e-02	1.083807e-02
8.460000e+02	9.670000e+02	1.137100e-01	4.663706e-03	4.663706e-03
9.670000e+02	1.101000e+03	4.685800e-02	2.006821e-03	2.006821e-03
1.101000e+03	1.248000e+03	1.937700e-02	8.757163e-04	8.757163e-04
1.248000e+03	1.410000e+03	7.955900e-03	3.849263e-04	3.849263e-04
1.410000e+03	1.588000e+03	3.274400e-03	1.717812e-04	1.717812e-04
1.588000e+03	1.784000e+03	1.251500e-03	7.276907e-05	7.276907e-05
1.784000e+03	2.000000e+03	4.742700e-04	3.149750e-05	3.149750e-05
2.000000e+03	2.238000e+03	1.815900e-04	1.426657e-05	1.426657e-05
2.238000e+03	2.500000e+03	6.127500e-05	6.279759e-06	6.279759e-06
2.500000e+03	2.787000e+03	1.934800e-05	2.885537e-06	2.885537e-06
2.787000e+03	3.103000e+03	4.600800e-06	1.299444e-06	1.299444e-06
# END HISTO1D


# BEGIN HISTO1D /suppr400_bornktmin15_1B_ParsiParams_MSTP_posthadron_merged.yoda/CMS_2021_I1972986/d21-x01-y01
ErrorBars=1
LineColor=red
LineStyle=solid
Path=/suppr400_bornktmin15_1B_ParsiParams_MSTP_posthadron_merged.yoda/CMS_2021_I1972986/d21-x01-y01
ScaledBy=1.60151182716484377e-05
Title=PS+MPI+HAD
# xlow	 xhigh	 val	 errminus	 errplus
9.700000e+01	1.330000e+02	1.535210e+04	9.174757e+02	9.174757e+02
1.330000e+02	1.740000e+02	3.533441e+03	1.884394e+02	1.884394e+02
1.740000e+02	2.200000e+02	8.833928e+02	2.330049e+01	2.330049e+01
2.200000e+02	2.720000e+02	2.509594e+02	6.946121e+00	6.946121e+00
2.720000e+02	3.300000e+02	8.343697e+01	2.607065e+00	2.607065e+00
3.300000e+02	3.950000e+02	2.829440e+01	9.502431e-01	9.502431e-01
3.950000e+02	4.680000e+02	1.057751e+01	4.954001e-01	4.954001e-01
4.680000e+02	5.480000e+02	3.859472e+00	1.350212e-01	1.350212e-01
5.480000e+02	6.380000e+02	1.484171e+00	6.880625e-02	6.880625e-02
6.380000e+02	7.370000e+02	5.645319e-01	3.235204e-02	3.235204e-02
7.370000e+02	8.460000e+02	2.223496e-01	1.704379e-02	1.704379e-02
8.460000e+02	9.670000e+02	1.424831e-01	2.710838e-02	2.710838e-02
9.670000e+02	1.101000e+03	4.710037e-02	6.309995e-03	6.309995e-03
1.101000e+03	1.248000e+03	1.222307e-02	2.905243e-03	2.905243e-03
1.248000e+03	1.410000e+03	3.863623e-03	1.461476e-03	1.461476e-03
1.410000e+03	1.588000e+03	1.483208e-03	8.565592e-04	8.565592e-04
1.588000e+03	1.784000e+03	0.000000e+00	0.000000e+00	0.000000e+00
1.784000e+03	2.000000e+03	1.148181e-03	6.632128e-04	6.632128e-04
2.000000e+03	2.238000e+03	0.000000e+00	0.000000e+00	0.000000e+00
2.238000e+03	2.500000e+03	0.000000e+00	0.000000e+00	0.000000e+00
2.500000e+03	2.787000e+03	0.000000e+00	0.000000e+00	0.000000e+00
2.787000e+03	3.103000e+03	0.000000e+00	0.000000e+00	0.000000e+00
# END HISTO1D


# BEGIN HISTO1D /suppr400_bornktmin15_1B_ParsiParams_MSTP_prehadron_merged.yoda/CMS_2021_I1972986/d21-x01-y01
ErrorBars=1
LineColor=blue
LineStyle=solid
Path=/suppr400_bornktmin15_1B_ParsiParams_MSTP_prehadron_merged.yoda/CMS_2021_I1972986/d21-x01-y01
ScaledBy=1.47761560125656437e-06
Title=PS
# xlow	 xhigh	 val	 errminus	 errplus
9.700000e+01	1.330000e+02	1.374949e+04	2.681201e+02	2.681201e+02
1.330000e+02	1.740000e+02	3.126110e+03	7.153261e+01	7.153261e+01
1.740000e+02	2.200000e+02	8.569411e+02	5.080413e+01	5.080413e+01
2.200000e+02	2.720000e+02	2.488131e+02	3.406515e+00	3.406515e+00
2.720000e+02	3.300000e+02	8.512138e+01	4.561934e+00	4.561934e+00
3.300000e+02	3.950000e+02	2.818555e+01	4.028667e-01	4.028667e-01
3.950000e+02	4.680000e+02	1.180728e+01	1.256288e+00	1.256288e+00
4.680000e+02	5.480000e+02	3.808216e+00	5.016633e-02	5.016633e-02
5.480000e+02	6.380000e+02	1.487680e+00	2.722502e-02	2.722502e-02
6.380000e+02	7.370000e+02	6.113912e-01	1.213590e-02	1.213590e-02
7.370000e+02	8.460000e+02	2.662856e-01	1.988731e-02	1.988731e-02
8.460000e+02	9.670000e+02	1.034290e-01	3.130824e-03	3.130824e-03
9.670000e+02	1.101000e+03	3.894437e-02	1.771131e-03	1.771131e-03
1.101000e+03	1.248000e+03	1.747502e-02	1.048384e-03	1.048384e-03
1.248000e+03	1.410000e+03	7.070772e-03	6.077651e-04	6.077651e-04
1.410000e+03	1.588000e+03	1.994753e-03	3.097705e-04	3.097705e-04
1.588000e+03	1.784000e+03	8.583480e-04	1.830808e-04	1.830808e-04
1.784000e+03	2.000000e+03	4.799505e-04	1.283111e-04	1.283111e-04
2.000000e+03	2.238000e+03	1.204652e-04	6.023534e-05	6.023534e-05
2.238000e+03	2.500000e+03	2.715198e-05	2.715198e-05	2.715198e-05
2.500000e+03	2.787000e+03	2.394551e-05	2.394551e-05	2.394551e-05
2.787000e+03	3.103000e+03	2.174798e-05	2.174798e-05	2.174798e-05
# END HISTO1D

