# BEGIN PLOT
LegendOnly=/CMS_2021_I1972986/d21-x01-y01 /suppr800_bornktmin300_100M_posthadron_merged.yoda/CMS_2021_I1972986/d21-x01-y01 /suppr800_bornktmin300_100M_prehadron_merged.yoda/CMS_2021_I1972986/d21-x01-y01
DrawOnly=/CMS_2021_I1972986/d21-x01-y01 /suppr800_bornktmin300_100M_posthadron_merged.yoda/CMS_2021_I1972986/d21-x01-y01 /suppr800_bornktmin300_100M_prehadron_merged.yoda/CMS_2021_I1972986/d21-x01-y01
Title=CMS, $\sqrt(s)$ = 13 TeV, Inclusive AK7 jets, $0.0 < |y| < 0.5$
RatioPlotReference=/CMS_2021_I1972986/d21-x01-y01
RatioPlot=1
LogX=1
LogY=1
RatioPlotYMax=1.4
LegendXPos=0.65
XLabel=$p_{T}$ [GeV]
YLabel=d$^2\sigma$/d$p_{T}$d$y$ [pb/GeV]
LegendYPos=0.95
Legend=1
RatioPlotYMin=0.6
FullRange=1
# END PLOT

# BEGIN HISTO1D /CMS_2021_I1972986/d21-x01-y01
ConnectBins=0
ErrorBars=1
IsRef=1
Path=/CMS_2021_I1972986/d21-x01-y01
PolyMarker=*
Title=Data
# xlow	 xhigh	 val	 errminus	 errplus
9.700000e+01	1.330000e+02	1.473900e+04	7.487453e+02	7.487453e+02
1.330000e+02	1.740000e+02	3.236100e+03	1.419588e+02	1.419588e+02
1.740000e+02	2.200000e+02	8.605300e+02	3.571459e+01	3.571459e+01
2.200000e+02	2.720000e+02	2.574300e+02	1.032110e+01	1.032110e+01
2.720000e+02	3.300000e+02	8.538700e+01	3.318388e+00	3.318388e+00
3.300000e+02	3.950000e+02	2.965500e+01	1.135831e+00	1.135831e+00
3.950000e+02	4.680000e+02	1.099500e+01	4.155528e-01	4.155528e-01
4.680000e+02	5.480000e+02	4.189300e+00	1.578436e-01	1.578436e-01
5.480000e+02	6.380000e+02	1.658000e+00	6.285407e-02	6.285407e-02
6.380000e+02	7.370000e+02	6.663900e-01	2.567876e-02	2.567876e-02
7.370000e+02	8.460000e+02	2.737700e-01	1.083807e-02	1.083807e-02
8.460000e+02	9.670000e+02	1.137100e-01	4.663706e-03	4.663706e-03
9.670000e+02	1.101000e+03	4.685800e-02	2.006821e-03	2.006821e-03
1.101000e+03	1.248000e+03	1.937700e-02	8.757163e-04	8.757163e-04
1.248000e+03	1.410000e+03	7.955900e-03	3.849263e-04	3.849263e-04
1.410000e+03	1.588000e+03	3.274400e-03	1.717812e-04	1.717812e-04
1.588000e+03	1.784000e+03	1.251500e-03	7.276907e-05	7.276907e-05
1.784000e+03	2.000000e+03	4.742700e-04	3.149750e-05	3.149750e-05
2.000000e+03	2.238000e+03	1.815900e-04	1.426657e-05	1.426657e-05
2.238000e+03	2.500000e+03	6.127500e-05	6.279759e-06	6.279759e-06
2.500000e+03	2.787000e+03	1.934800e-05	2.885537e-06	2.885537e-06
2.787000e+03	3.103000e+03	4.600800e-06	1.299444e-06	1.299444e-06
# END HISTO1D


# BEGIN HISTO1D /suppr800_bornktmin300_100M_posthadron_merged.yoda/CMS_2021_I1972986/d21-x01-y01
ErrorBars=1
LineColor=red
LineStyle=solid
Path=/suppr800_bornktmin300_100M_posthadron_merged.yoda/CMS_2021_I1972986/d21-x01-y01
ScaledBy=1.37559150434686916e-05
Title=PS+MPI+HAD
# xlow	 xhigh	 val	 errminus	 errplus
9.700000e+01	1.330000e+02	1.981693e+01	4.353244e-01	4.353244e-01
1.330000e+02	1.740000e+02	1.608937e+01	3.683021e-01	3.683021e-01
1.740000e+02	2.200000e+02	1.461876e+01	3.407750e-01	3.407750e-01
2.200000e+02	2.720000e+02	1.696641e+01	3.577360e-01	3.577360e-01
2.720000e+02	3.300000e+02	3.362964e+01	4.976299e-01	4.976299e-01
3.300000e+02	3.950000e+02	2.352042e+01	3.189241e-01	3.189241e-01
3.950000e+02	4.680000e+02	9.556134e+00	1.374924e-01	1.374924e-01
4.680000e+02	5.480000e+02	3.703982e+00	5.949907e-02	5.949907e-02
5.480000e+02	6.380000e+02	1.450178e+00	2.742754e-02	2.742754e-02
6.380000e+02	7.370000e+02	6.126546e-01	1.513183e-02	1.513183e-02
7.370000e+02	8.460000e+02	2.389294e-01	5.723981e-03	5.723981e-03
8.460000e+02	9.670000e+02	9.672339e-02	2.620880e-03	2.620880e-03
9.670000e+02	1.101000e+03	3.907929e-02	1.325011e-03	1.325011e-03
1.101000e+03	1.248000e+03	1.504688e-02	6.606457e-04	6.606457e-04
1.248000e+03	1.410000e+03	6.397685e-03	3.878343e-04	3.878343e-04
1.410000e+03	1.588000e+03	2.647802e-03	2.024818e-04	2.024818e-04
1.588000e+03	1.784000e+03	8.886571e-04	1.054393e-04	1.054393e-04
1.784000e+03	2.000000e+03	4.649148e-04	6.718055e-05	6.718055e-05
2.000000e+03	2.238000e+03	8.943954e-05	2.703099e-05	2.703099e-05
2.238000e+03	2.500000e+03	6.672618e-05	2.110608e-05	2.110608e-05
2.500000e+03	2.787000e+03	1.716048e-05	9.908723e-06	9.908723e-06
2.787000e+03	3.103000e+03	9.844358e-06	6.961014e-06	6.961014e-06
# END HISTO1D


# BEGIN HISTO1D /suppr800_bornktmin300_100M_prehadron_merged.yoda/CMS_2021_I1972986/d21-x01-y01
ErrorBars=1
LineColor=blue
LineStyle=solid
Path=/suppr800_bornktmin300_100M_prehadron_merged.yoda/CMS_2021_I1972986/d21-x01-y01
ScaledBy=1.81094134542076324e-06
Title=PS
# xlow	 xhigh	 val	 errminus	 errplus
9.700000e+01	1.330000e+02	1.953777e+01	1.568464e-01	1.568464e-01
1.330000e+02	1.740000e+02	1.613696e+01	1.344900e-01	1.344900e-01
1.740000e+02	2.200000e+02	1.465979e+01	1.229710e-01	1.229710e-01
2.200000e+02	2.720000e+02	1.706968e+01	1.305134e-01	1.305134e-01
2.720000e+02	3.300000e+02	3.437945e+01	1.830148e-01	1.830148e-01
3.300000e+02	3.950000e+02	2.292742e+01	1.123889e-01	1.123889e-01
3.950000e+02	4.680000e+02	9.354644e+00	4.930436e-02	4.930436e-02
4.680000e+02	5.480000e+02	3.718010e+00	2.192733e-02	2.192733e-02
5.480000e+02	6.380000e+02	1.465017e+00	9.816604e-03	9.816604e-03
6.380000e+02	7.370000e+02	5.893038e-01	4.410617e-03	4.410617e-03
7.370000e+02	8.460000e+02	2.418472e-01	2.150922e-03	2.150922e-03
8.460000e+02	9.670000e+02	9.824116e-02	1.018963e-03	1.018963e-03
9.670000e+02	1.101000e+03	4.031320e-02	5.309400e-04	5.309400e-04
1.101000e+03	1.248000e+03	1.569429e-02	2.475548e-04	2.475548e-04
1.248000e+03	1.410000e+03	6.382617e-03	1.330576e-04	1.330576e-04
1.410000e+03	1.588000e+03	2.489187e-03	7.320837e-05	7.320837e-05
1.588000e+03	1.784000e+03	1.001053e-03	4.013729e-05	4.013729e-05
1.784000e+03	2.000000e+03	3.868613e-04	2.367338e-05	2.367338e-05
2.000000e+03	2.238000e+03	1.382116e-04	1.203725e-05	1.203725e-05
2.238000e+03	2.500000e+03	5.106405e-05	9.029839e-06	9.029839e-06
2.500000e+03	2.787000e+03	1.511978e-05	3.382663e-06	3.382663e-06
2.787000e+03	3.103000e+03	2.592758e-06	1.296994e-06	1.296994e-06
# END HISTO1D

