# BEGIN PLOT
LegendOnly=/CMS_2021_I1972986/d24-x01-y01 /CUETP8M1-NNPDF2.3LO_HardQCD_10Bprehadron_merged.yoda/CMS_2021_I1972986/d24-x01-y01 /CUETP8M1-NNPDF2.3LO_HardQCD_10Bposthadron_merged.yoda/CMS_2021_I1972986/d24-x01-y01
DrawOnly=/CMS_2021_I1972986/d24-x01-y01 /CUETP8M1-NNPDF2.3LO_HardQCD_10Bprehadron_merged.yoda/CMS_2021_I1972986/d24-x01-y01 /CUETP8M1-NNPDF2.3LO_HardQCD_10Bposthadron_merged.yoda/CMS_2021_I1972986/d24-x01-y01
Title=CMS, $\sqrt(s)$ = 13 TeV, Inclusive AK7 jets, $1.5 < |y| < 2.0$
RatioPlotReference=/CMS_2021_I1972986/d24-x01-y01
RatioPlot=1
LogX=1
LogY=1
RatioPlotYMax=1.4
LegendXPos=0.65
XLabel=$p_{T}$ [GeV]
YLabel=d$^2\sigma$/d$p_{T}$d$y$ [pb/GeV]
LegendYPos=0.95
Legend=1
RatioPlotYMin=0.6
FullRange=1
# END PLOT

# BEGIN HISTO1D /CMS_2021_I1972986/d24-x01-y01
ConnectBins=0
ErrorBars=1
IsRef=1
Path=/CMS_2021_I1972986/d24-x01-y01
PolyMarker=*
Title=Data
# xlow	 xhigh	 val	 errminus	 errplus
9.700000e+01	1.330000e+02	9.859200e+03	6.373793e+02	6.373793e+02
1.330000e+02	1.740000e+02	2.086100e+03	1.174622e+02	1.174622e+02
1.740000e+02	2.200000e+02	5.393500e+02	2.878814e+01	2.878814e+01
2.200000e+02	2.720000e+02	1.513000e+02	7.873155e+00	7.873155e+00
2.720000e+02	3.300000e+02	4.780700e+01	2.430203e+00	2.430203e+00
3.300000e+02	3.950000e+02	1.545800e+01	7.815286e-01	7.815286e-01
3.950000e+02	4.680000e+02	5.211100e+00	2.674923e-01	2.674923e-01
4.680000e+02	5.480000e+02	1.772300e+00	9.480052e-02	9.480052e-02
5.480000e+02	6.380000e+02	6.044300e-01	3.458268e-02	3.458268e-02
6.380000e+02	7.370000e+02	2.002300e-01	1.259210e-02	1.259210e-02
7.370000e+02	8.460000e+02	6.445700e-02	4.551884e-03	4.551884e-03
8.460000e+02	9.670000e+02	1.950900e-02	1.581050e-03	1.581050e-03
9.670000e+02	1.101000e+03	5.399500e-03	5.131536e-04	5.131536e-04
1.101000e+03	1.248000e+03	1.342200e-03	1.551478e-04	1.551478e-04
1.248000e+03	1.410000e+03	2.629300e-04	3.879293e-05	3.879293e-05
1.410000e+03	1.588000e+03	5.027400e-05	1.027321e-05	1.027321e-05
# END HISTO1D


# BEGIN HISTO1D /CUETP8M1-NNPDF2.3LO_HardQCD_10Bprehadron_merged.yoda/CMS_2021_I1972986/d24-x01-y01
LineColor=red
LineStyle=solid
Path=/CUETP8M1-NNPDF2.3LO_HardQCD_10Bprehadron_merged.yoda/CMS_2021_I1972986/d24-x01-y01
ScaledBy=1.04028911305103364e+05
Title=PS
# xlow	 xhigh	 val	 errminus	 errplus
9.700000e+01	1.330000e+02	1.146856e+04	8.667025e+01	8.667025e+01
1.330000e+02	1.740000e+02	2.419242e+03	1.912015e+01	1.912015e+01
1.740000e+02	2.200000e+02	6.104898e+02	5.232725e+00	5.232725e+00
2.200000e+02	2.720000e+02	1.775272e+02	1.620515e+00	1.620515e+00
2.720000e+02	3.300000e+02	5.529484e+01	5.667320e-01	5.667320e-01
3.300000e+02	3.950000e+02	1.772034e+01	1.966011e-01	1.966011e-01
3.950000e+02	4.680000e+02	5.880696e+00	7.254725e-02	7.254725e-02
4.680000e+02	5.480000e+02	2.011701e+00	2.798734e-02	2.798734e-02
5.480000e+02	6.380000e+02	6.796547e-01	1.104408e-02	1.104408e-02
6.380000e+02	7.370000e+02	2.218581e-01	4.461694e-03	4.461694e-03
7.370000e+02	8.460000e+02	7.707470e-02	1.894652e-03	1.894652e-03
8.460000e+02	9.670000e+02	2.282058e-02	7.983492e-04	7.983492e-04
9.670000e+02	1.101000e+03	6.313106e-03	2.436839e-04	2.436839e-04
1.101000e+03	1.248000e+03	1.616489e-03	8.794611e-05	8.794611e-05
1.248000e+03	1.410000e+03	4.094088e-04	3.436188e-05	3.436188e-05
1.410000e+03	1.588000e+03	1.012642e-04	1.508920e-05	1.508920e-05
# END HISTO1D


# BEGIN HISTO1D /CUETP8M1-NNPDF2.3LO_HardQCD_10Bposthadron_merged.yoda/CMS_2021_I1972986/d24-x01-y01
LineColor=blue
LineStyle=solid
Path=/CUETP8M1-NNPDF2.3LO_HardQCD_10Bposthadron_merged.yoda/CMS_2021_I1972986/d24-x01-y01
ScaledBy=9.02837417007864919e+05
Title=PS+HAD+MPI
# xlow	 xhigh	 val	 errminus	 errplus
9.700000e+01	1.330000e+02	1.336703e+04	3.093189e+02	3.093189e+02
1.330000e+02	1.740000e+02	2.550822e+03	5.545163e+01	5.545163e+01
1.740000e+02	2.200000e+02	6.661785e+02	1.639740e+01	1.639740e+01
2.200000e+02	2.720000e+02	1.769037e+02	4.438494e+00	4.438494e+00
2.720000e+02	3.300000e+02	5.506353e+01	1.652560e+00	1.652560e+00
3.300000e+02	3.950000e+02	1.954802e+01	6.184799e-01	6.184799e-01
3.950000e+02	4.680000e+02	5.836973e+00	2.065410e-01	2.065410e-01
4.680000e+02	5.480000e+02	2.236491e+00	9.071567e-02	9.071567e-02
5.480000e+02	6.380000e+02	7.301878e-01	3.943255e-02	3.943255e-02
6.380000e+02	7.370000e+02	2.117411e-01	1.102213e-02	1.102213e-02
7.370000e+02	8.460000e+02	7.010512e-02	4.590738e-03	4.590738e-03
8.460000e+02	9.670000e+02	2.315202e-02	1.999475e-03	1.999475e-03
9.670000e+02	1.101000e+03	7.373834e-03	8.457957e-04	8.457957e-04
1.101000e+03	1.248000e+03	1.374505e-03	2.411443e-04	2.411443e-04
1.248000e+03	1.410000e+03	3.648601e-04	8.399969e-05	8.399969e-05
1.410000e+03	1.588000e+03	7.977449e-05	3.457156e-05	3.457156e-05
# END HISTO1D

