# BEGIN PLOT
LegendOnly=/CMS_2021_I1972986/d21-x01-y01 /CUETP8M1-NNPDF2.3LO_HardQCD_10Bprehadron_merged.yoda/CMS_2021_I1972986/d21-x01-y01 /CUETP8M1-NNPDF2.3LO_HardQCD_10Bposthadron_merged.yoda/CMS_2021_I1972986/d21-x01-y01
DrawOnly=/CMS_2021_I1972986/d21-x01-y01 /CUETP8M1-NNPDF2.3LO_HardQCD_10Bprehadron_merged.yoda/CMS_2021_I1972986/d21-x01-y01 /CUETP8M1-NNPDF2.3LO_HardQCD_10Bposthadron_merged.yoda/CMS_2021_I1972986/d21-x01-y01
Title=CMS, $\sqrt(s)$ = 13 TeV, Inclusive AK7 jets, $0.0 < |y| < 0.5$
RatioPlotReference=/CMS_2021_I1972986/d21-x01-y01
RatioPlot=1
LogX=1
LogY=1
RatioPlotYMax=1.4
LegendXPos=0.65
XLabel=$p_{T}$ [GeV]
YLabel=d$^2\sigma$/d$p_{T}$d$y$ [pb/GeV]
LegendYPos=0.95
Legend=1
RatioPlotYMin=0.6
FullRange=1
# END PLOT

# BEGIN HISTO1D /CMS_2021_I1972986/d21-x01-y01
ConnectBins=0
ErrorBars=1
IsRef=1
Path=/CMS_2021_I1972986/d21-x01-y01
PolyMarker=*
Title=Data
# xlow	 xhigh	 val	 errminus	 errplus
9.700000e+01	1.330000e+02	1.473900e+04	7.487453e+02	7.487453e+02
1.330000e+02	1.740000e+02	3.236100e+03	1.419588e+02	1.419588e+02
1.740000e+02	2.200000e+02	8.605300e+02	3.571459e+01	3.571459e+01
2.200000e+02	2.720000e+02	2.574300e+02	1.032110e+01	1.032110e+01
2.720000e+02	3.300000e+02	8.538700e+01	3.318388e+00	3.318388e+00
3.300000e+02	3.950000e+02	2.965500e+01	1.135831e+00	1.135831e+00
3.950000e+02	4.680000e+02	1.099500e+01	4.155528e-01	4.155528e-01
4.680000e+02	5.480000e+02	4.189300e+00	1.578436e-01	1.578436e-01
5.480000e+02	6.380000e+02	1.658000e+00	6.285407e-02	6.285407e-02
6.380000e+02	7.370000e+02	6.663900e-01	2.567876e-02	2.567876e-02
7.370000e+02	8.460000e+02	2.737700e-01	1.083807e-02	1.083807e-02
8.460000e+02	9.670000e+02	1.137100e-01	4.663706e-03	4.663706e-03
9.670000e+02	1.101000e+03	4.685800e-02	2.006821e-03	2.006821e-03
1.101000e+03	1.248000e+03	1.937700e-02	8.757163e-04	8.757163e-04
1.248000e+03	1.410000e+03	7.955900e-03	3.849263e-04	3.849263e-04
1.410000e+03	1.588000e+03	3.274400e-03	1.717812e-04	1.717812e-04
1.588000e+03	1.784000e+03	1.251500e-03	7.276907e-05	7.276907e-05
1.784000e+03	2.000000e+03	4.742700e-04	3.149750e-05	3.149750e-05
2.000000e+03	2.238000e+03	1.815900e-04	1.426657e-05	1.426657e-05
2.238000e+03	2.500000e+03	6.127500e-05	6.279759e-06	6.279759e-06
2.500000e+03	2.787000e+03	1.934800e-05	2.885537e-06	2.885537e-06
2.787000e+03	3.103000e+03	4.600800e-06	1.299444e-06	1.299444e-06
# END HISTO1D


# BEGIN HISTO1D /CUETP8M1-NNPDF2.3LO_HardQCD_10Bprehadron_merged.yoda/CMS_2021_I1972986/d21-x01-y01
LineColor=red
LineStyle=solid
Path=/CUETP8M1-NNPDF2.3LO_HardQCD_10Bprehadron_merged.yoda/CMS_2021_I1972986/d21-x01-y01
ScaledBy=1.04028911305103364e+05
Title=PS
# xlow	 xhigh	 val	 errminus	 errplus
9.700000e+01	1.330000e+02	1.561894e+04	1.008175e+02	1.008175e+02
1.330000e+02	1.740000e+02	3.491707e+03	2.364058e+01	2.364058e+01
1.740000e+02	2.200000e+02	9.261302e+02	6.841339e+00	6.841339e+00
2.200000e+02	2.720000e+02	2.811308e+02	2.138746e+00	2.138746e+00
2.720000e+02	3.300000e+02	9.227724e+01	7.331753e-01	7.331753e-01
3.300000e+02	3.950000e+02	3.242842e+01	2.846074e-01	2.846074e-01
3.950000e+02	4.680000e+02	1.218582e+01	1.149334e-01	1.149334e-01
4.680000e+02	5.480000e+02	4.764211e+00	4.724114e-02	4.724114e-02
5.480000e+02	6.380000e+02	1.877771e+00	2.027099e-02	2.027099e-02
6.380000e+02	7.370000e+02	7.630517e-01	8.884639e-03	8.884639e-03
7.370000e+02	8.460000e+02	3.200288e-01	4.098936e-03	4.098936e-03
8.460000e+02	9.670000e+02	1.301074e-01	1.825593e-03	1.825593e-03
9.670000e+02	1.101000e+03	5.331783e-02	8.598971e-04	8.598971e-04
1.101000e+03	1.248000e+03	2.300355e-02	3.935503e-04	3.935503e-04
1.248000e+03	1.410000e+03	9.008309e-03	1.856277e-04	1.856277e-04
1.410000e+03	1.588000e+03	3.596793e-03	8.508313e-05	8.508313e-05
1.588000e+03	1.784000e+03	1.468396e-03	3.933121e-05	3.933121e-05
1.784000e+03	2.000000e+03	5.103093e-04	1.712913e-05	1.712913e-05
2.000000e+03	2.238000e+03	1.735706e-04	7.270519e-06	7.270519e-06
2.238000e+03	2.500000e+03	6.194095e-05	3.466475e-06	3.466475e-06
2.500000e+03	2.787000e+03	1.676649e-05	1.288933e-06	1.288933e-06
2.787000e+03	3.103000e+03	4.823921e-06	5.178396e-07	5.178396e-07
# END HISTO1D


# BEGIN HISTO1D /CUETP8M1-NNPDF2.3LO_HardQCD_10Bposthadron_merged.yoda/CMS_2021_I1972986/d21-x01-y01
LineColor=blue
LineStyle=solid
Path=/CUETP8M1-NNPDF2.3LO_HardQCD_10Bposthadron_merged.yoda/CMS_2021_I1972986/d21-x01-y01
ScaledBy=9.02837417007864919e+05
Title=PS+HAD+MPI
# xlow	 xhigh	 val	 errminus	 errplus
9.700000e+01	1.330000e+02	1.765481e+04	3.234236e+02	3.234236e+02
1.330000e+02	1.740000e+02	3.765376e+03	7.582481e+01	7.582481e+01
1.740000e+02	2.200000e+02	9.905246e+02	2.157329e+01	2.157329e+01
2.200000e+02	2.720000e+02	2.976523e+02	6.712029e+00	6.712029e+00
2.720000e+02	3.300000e+02	9.834038e+01	2.315896e+00	2.315896e+00
3.300000e+02	3.950000e+02	3.335511e+01	8.072160e-01	8.072160e-01
3.950000e+02	4.680000e+02	1.255499e+01	3.749991e-01	3.749991e-01
4.680000e+02	5.480000e+02	4.881244e+00	1.492158e-01	1.492158e-01
5.480000e+02	6.380000e+02	1.930679e+00	6.391366e-02	6.391366e-02
6.380000e+02	7.370000e+02	7.255062e-01	2.435746e-02	2.435746e-02
7.370000e+02	8.460000e+02	3.080383e-01	1.158471e-02	1.158471e-02
8.460000e+02	9.670000e+02	1.361936e-01	5.592803e-03	5.592803e-03
9.670000e+02	1.101000e+03	4.845570e-02	2.232817e-03	2.232817e-03
1.101000e+03	1.248000e+03	2.609507e-02	1.280512e-03	1.280512e-03
1.248000e+03	1.410000e+03	1.074125e-02	8.971992e-04	8.971992e-04
1.410000e+03	1.588000e+03	3.988983e-03	2.658804e-04	2.658804e-04
1.588000e+03	1.784000e+03	1.284670e-03	1.059901e-04	1.059901e-04
1.784000e+03	2.000000e+03	5.130981e-04	5.383310e-05	5.383310e-05
2.000000e+03	2.238000e+03	2.230574e-04	2.880205e-05	2.880205e-05
2.238000e+03	2.500000e+03	4.789447e-05	8.364978e-06	8.364978e-06
2.500000e+03	2.787000e+03	2.441629e-05	4.331225e-06	4.331225e-06
2.787000e+03	3.103000e+03	4.705896e-06	1.375349e-06	1.375349e-06
# END HISTO1D

