# BEGIN PLOT
LegendOnly=/ATLAS_2012_I1082936/d03-x01-y06 /prehadron1.yoda/ATLAS_2012_I1082936/d03-x01-y06 /posthadron1.yoda/ATLAS_2012_I1082936/d03-x01-y06
DrawOnly=/ATLAS_2012_I1082936/d03-x01-y06 /prehadron1.yoda/ATLAS_2012_I1082936/d03-x01-y06 /posthadron1.yoda/ATLAS_2012_I1082936/d03-x01-y06
Title=Dijet double-diff. x-section, anti-$k_t$ 0.4 ($2.5 \leq y^* < 3.0$)
RatioPlotReference=/ATLAS_2012_I1082936/d03-x01-y06
RatioPlot=1
LogY=1
XLabel=$m_{12}$~[TeV]
YLabel=$\mathrm{d}^2\sigma/\mathrm{d}m_{12}\mathrm{d}y^*$~[pb/TeV]
Legend=1
# END PLOT

# BEGIN HISTO1D /ATLAS_2012_I1082936/d03-x01-y06
ConnectBins=0
ErrorBars=1
IsRef=1
Path=/ATLAS_2012_I1082936/d03-x01-y06
PolyMarker=*
Title=Data
# xlow	 xhigh	 val	 errminus	 errplus
6.700000e-01	7.600000e-01	7.300000e+05	2.504038e+05	3.450924e+05
7.600000e-01	8.500000e-01	3.900000e+05	1.147853e+05	1.742170e+05
8.500000e-01	9.500000e-01	1.900000e+05	4.997758e+04	7.083459e+04
9.500000e-01	1.060000e+00	9.100000e+04	2.219113e+04	2.712869e+04
1.060000e+00	1.180000e+00	4.300000e+04	9.991372e+03	1.086514e+04
1.180000e+00	1.310000e+00	2.100000e+04	4.947940e+03	5.231361e+03
1.310000e+00	1.450000e+00	9.900000e+03	2.112508e+03	2.577311e+03
1.450000e+00	1.600000e+00	4.900000e+03	9.876266e+02	1.161600e+03
1.600000e+00	1.760000e+00	2.400000e+03	4.663479e+02	5.627117e+02
1.760000e+00	1.940000e+00	1.000000e+03	2.355207e+02	2.437335e+02
1.940000e+00	2.120000e+00	4.700000e+02	1.063032e+02	1.059837e+02
2.120000e+00	2.330000e+00	2.200000e+02	6.284380e+01	5.461586e+01
2.330000e+00	2.550000e+00	9.600000e+01	2.496258e+01	2.850246e+01
2.550000e+00	2.780000e+00	4.600000e+01	1.487309e+01	1.470663e+01
2.780000e+00	3.310000e+00	8.000000e+00	2.463299e+00	2.678806e+00
3.310000e+00	4.640000e+00	5.500000e-01	3.278743e-01	3.314328e-01
# END HISTO1D


# BEGIN HISTO1D /prehadron1.yoda/ATLAS_2012_I1082936/d03-x01-y06
ErrorBars=1
LineColor=red
LineStyle=solid
Path=/prehadron1.yoda/ATLAS_2012_I1082936/d03-x01-y06
ScaledBy=3.36266956977792978e+07
Title=PS
# xlow	 xhigh	 val	 errminus	 errplus
6.700000e-01	7.600000e-01	1.134433e+06	9.042165e+05	9.042165e+05
7.600000e-01	8.500000e-01	7.166578e+05	4.693540e+05	4.693540e+05
8.500000e-01	9.500000e-01	8.316368e+05	5.267437e+05	5.267437e+05
9.500000e-01	1.060000e+00	5.047461e+04	5.047461e+04	5.047461e+04
1.060000e+00	1.180000e+00	2.729560e+05	1.521182e+05	1.521182e+05
1.180000e+00	1.310000e+00	2.071403e+05	2.071403e+05	2.071403e+05
1.310000e+00	1.450000e+00	2.074128e+05	1.670737e+05	1.670737e+05
1.450000e+00	1.600000e+00	1.735061e+04	1.735061e+04	1.735061e+04
1.600000e+00	1.760000e+00	2.014848e+04	2.014848e+04	2.014848e+04
1.760000e+00	1.940000e+00	1.730429e+04	1.364756e+04	1.364756e+04
1.940000e+00	2.120000e+00	0.000000e+00	0.000000e+00	0.000000e+00
2.120000e+00	2.330000e+00	0.000000e+00	0.000000e+00	0.000000e+00
2.330000e+00	2.550000e+00	2.179839e+03	1.598435e+03	1.598435e+03
2.550000e+00	2.780000e+00	4.052530e+03	4.052530e+03	4.052530e+03
2.780000e+00	3.310000e+00	0.000000e+00	0.000000e+00	0.000000e+00
3.310000e+00	4.640000e+00	2.282155e+02	2.080503e+02	2.080503e+02
# END HISTO1D


# BEGIN HISTO1D /posthadron1.yoda/ATLAS_2012_I1082936/d03-x01-y06
ErrorBars=1
LineColor=blue
LineStyle=solid
Path=/posthadron1.yoda/ATLAS_2012_I1082936/d03-x01-y06
ScaledBy=3.72079425970065951e+08
Title=PS+HAD+MPI
# xlow	 xhigh	 val	 errminus	 errplus
6.700000e-01	7.600000e-01	0.000000e+00	0.000000e+00	0.000000e+00
7.600000e-01	8.500000e-01	1.567926e+06	1.567926e+06	1.567926e+06
8.500000e-01	9.500000e-01	0.000000e+00	0.000000e+00	0.000000e+00
9.500000e-01	1.060000e+00	0.000000e+00	0.000000e+00	0.000000e+00
1.060000e+00	1.180000e+00	0.000000e+00	0.000000e+00	0.000000e+00
1.180000e+00	1.310000e+00	0.000000e+00	0.000000e+00	0.000000e+00
1.310000e+00	1.450000e+00	0.000000e+00	0.000000e+00	0.000000e+00
1.450000e+00	1.600000e+00	0.000000e+00	0.000000e+00	0.000000e+00
1.600000e+00	1.760000e+00	0.000000e+00	0.000000e+00	0.000000e+00
1.760000e+00	1.940000e+00	0.000000e+00	0.000000e+00	0.000000e+00
1.940000e+00	2.120000e+00	1.044052e+05	1.044051e+05	1.044051e+05
2.120000e+00	2.330000e+00	0.000000e+00	0.000000e+00	0.000000e+00
2.330000e+00	2.550000e+00	0.000000e+00	0.000000e+00	0.000000e+00
2.550000e+00	2.780000e+00	0.000000e+00	0.000000e+00	0.000000e+00
2.780000e+00	3.310000e+00	0.000000e+00	0.000000e+00	0.000000e+00
3.310000e+00	4.640000e+00	0.000000e+00	0.000000e+00	0.000000e+00
# END HISTO1D

