# BEGIN PLOT
LegendOnly=/ATLAS_2012_I1082936/d03-x01-y03 /prehadron1.yoda/ATLAS_2012_I1082936/d03-x01-y03 /posthadron1.yoda/ATLAS_2012_I1082936/d03-x01-y03
DrawOnly=/ATLAS_2012_I1082936/d03-x01-y03 /prehadron1.yoda/ATLAS_2012_I1082936/d03-x01-y03 /posthadron1.yoda/ATLAS_2012_I1082936/d03-x01-y03
Title=Dijet double-diff. x-section, anti-$k_t$ 0.4 ($1.0 \leq y^* < 1.5$)
RatioPlotReference=/ATLAS_2012_I1082936/d03-x01-y03
RatioPlot=1
LogY=1
XLabel=$m_{12}$~[TeV]
YLabel=$\mathrm{d}^2\sigma/\mathrm{d}m_{12}\mathrm{d}y^*$~[pb/TeV]
Legend=1
# END PLOT

# BEGIN HISTO1D /ATLAS_2012_I1082936/d03-x01-y03
ConnectBins=0
ErrorBars=1
IsRef=1
Path=/ATLAS_2012_I1082936/d03-x01-y03
PolyMarker=*
Title=Data
# xlow	 xhigh	 val	 errminus	 errplus
1.600000e-01	2.100000e-01	4.300000e+07	7.667637e+06	8.440824e+06
2.100000e-01	2.600000e-01	1.300000e+07	1.768478e+06	1.744666e+06
2.600000e-01	3.100000e-01	4.800000e+06	5.783552e+05	6.381654e+05
3.100000e-01	3.700000e-01	1.900000e+06	2.118330e+05	2.311313e+05
3.700000e-01	4.400000e-01	7.300000e+05	7.852578e+04	8.260365e+04
4.400000e-01	5.100000e-01	3.000000e+05	3.756714e+04	3.779881e+04
5.100000e-01	5.900000e-01	1.300000e+05	1.701411e+04	1.678461e+04
5.900000e-01	6.700000e-01	5.700000e+04	7.076499e+03	7.465912e+03
6.700000e-01	7.600000e-01	2.600000e+04	3.017120e+03	3.372592e+03
7.600000e-01	8.500000e-01	1.300000e+04	1.753603e+03	1.740884e+03
8.500000e-01	9.500000e-01	6.100000e+03	8.892202e+02	9.611324e+02
9.500000e-01	1.060000e+00	3.100000e+03	4.522283e+02	4.613483e+02
1.060000e+00	1.180000e+00	1.400000e+03	2.174331e+02	2.076300e+02
1.180000e+00	1.310000e+00	7.200000e+02	1.047990e+02	1.011952e+02
1.310000e+00	1.450000e+00	3.500000e+02	5.169940e+01	7.402314e+01
1.450000e+00	1.600000e+00	1.500000e+02	2.459726e+01	2.516873e+01
1.600000e+00	1.760000e+00	7.300000e+01	1.299421e+01	1.354047e+01
1.760000e+00	1.940000e+00	2.900000e+01	5.915574e+00	5.941745e+00
1.940000e+00	2.120000e+00	1.700000e+01	3.929648e+00	3.870367e+00
2.120000e+00	2.550000e+00	5.200000e+00	1.353449e+00	1.410801e+00
2.550000e+00	3.610000e+00	4.300000e-01	1.980639e-01	2.046967e-01
# END HISTO1D


# BEGIN HISTO1D /prehadron1.yoda/ATLAS_2012_I1082936/d03-x01-y03
ErrorBars=1
LineColor=red
LineStyle=solid
Path=/prehadron1.yoda/ATLAS_2012_I1082936/d03-x01-y03
ScaledBy=3.36266956977792978e+07
Title=PS
# xlow	 xhigh	 val	 errminus	 errplus
1.600000e-01	2.100000e-01	1.594984e+08	2.883308e+07	2.883308e+07
2.100000e-01	2.600000e-01	4.346084e+07	8.091793e+06	8.091793e+06
2.600000e-01	3.100000e-01	1.681759e+07	3.138605e+06	3.138605e+06
3.100000e-01	3.700000e-01	7.497625e+06	1.210578e+06	1.210578e+06
3.700000e-01	4.400000e-01	2.758353e+06	6.241165e+05	6.241165e+05
4.400000e-01	5.100000e-01	1.867474e+06	3.131079e+05	3.131079e+05
5.100000e-01	5.900000e-01	7.815866e+05	1.494423e+05	1.494423e+05
5.900000e-01	6.700000e-01	3.805879e+05	9.361678e+04	9.361678e+04
6.700000e-01	7.600000e-01	1.291529e+05	2.648935e+04	2.648935e+04
7.600000e-01	8.500000e-01	7.783268e+04	2.369173e+04	2.369173e+04
8.500000e-01	9.500000e-01	3.832178e+04	7.388693e+03	7.388693e+03
9.500000e-01	1.060000e+00	1.442349e+04	3.796979e+03	3.796979e+03
1.060000e+00	1.180000e+00	1.289180e+04	2.477175e+03	2.477175e+03
1.180000e+00	1.310000e+00	6.325580e+03	1.424943e+03	1.424943e+03
1.310000e+00	1.450000e+00	4.035723e+03	8.701994e+02	8.701994e+02
1.450000e+00	1.600000e+00	2.514199e+03	5.432278e+02	5.432278e+02
1.600000e+00	1.760000e+00	1.067465e+03	3.165201e+02	3.165201e+02
1.760000e+00	1.940000e+00	3.743079e+02	1.078846e+02	1.078846e+02
1.940000e+00	2.120000e+00	1.830143e+02	5.482647e+01	5.482647e+01
2.120000e+00	2.550000e+00	1.185870e+02	2.846934e+01	2.846934e+01
2.550000e+00	3.610000e+00	1.491680e+01	3.538589e+00	3.538589e+00
# END HISTO1D


# BEGIN HISTO1D /posthadron1.yoda/ATLAS_2012_I1082936/d03-x01-y03
ErrorBars=1
LineColor=blue
LineStyle=solid
Path=/posthadron1.yoda/ATLAS_2012_I1082936/d03-x01-y03
ScaledBy=3.72079425970065951e+08
Title=PS+HAD+MPI
# xlow	 xhigh	 val	 errminus	 errplus
1.600000e-01	2.100000e-01	1.781583e+08	9.436809e+07	9.436809e+07
2.100000e-01	2.600000e-01	6.467298e+07	2.894205e+07	2.894205e+07
2.600000e-01	3.100000e-01	2.307680e+07	1.077660e+07	1.077660e+07
3.100000e-01	3.700000e-01	1.252284e+07	7.323918e+06	7.323918e+06
3.700000e-01	4.400000e-01	4.506679e+06	2.088190e+06	2.088190e+06
4.400000e-01	5.100000e-01	2.562273e+06	1.221084e+06	1.221084e+06
5.100000e-01	5.900000e-01	1.911481e+05	1.122517e+05	1.122517e+05
5.900000e-01	6.700000e-01	4.402051e+05	2.238902e+05	2.238902e+05
6.700000e-01	7.600000e-01	3.314163e+05	2.277705e+05	2.277705e+05
7.600000e-01	8.500000e-01	1.437758e+05	8.524477e+04	8.524477e+04
8.500000e-01	9.500000e-01	5.893575e+04	2.776967e+04	2.776967e+04
9.500000e-01	1.060000e+00	4.645543e+03	3.605048e+03	3.605048e+03
1.060000e+00	1.180000e+00	9.897875e+03	5.535113e+03	5.535113e+03
1.180000e+00	1.310000e+00	2.034603e+04	1.016520e+04	1.016520e+04
1.310000e+00	1.450000e+00	6.340473e+03	4.619744e+03	4.619744e+03
1.450000e+00	1.600000e+00	1.268735e+03	6.793929e+02	6.793929e+02
1.600000e+00	1.760000e+00	6.234812e+02	5.045650e+02	5.045650e+02
1.760000e+00	1.940000e+00	0.000000e+00	0.000000e+00	0.000000e+00
1.940000e+00	2.120000e+00	0.000000e+00	0.000000e+00	0.000000e+00
2.120000e+00	2.550000e+00	1.305183e+02	7.679139e+01	7.679139e+01
2.550000e+00	3.610000e+00	1.045405e+01	6.143774e+00	6.143774e+00
# END HISTO1D

