# BEGIN PLOT
LegendOnly=/CMS_2021_I1972986/d21-x01-y01 /suppr250_bornktmin10_100M_ParsiParams_posthadron_MSTP_merged.yoda/CMS_2021_I1972986/d21-x01-y01 /suppr250_bornktmin10_100M_ParsiParams_prehadron_MSTP_merged.yoda/CMS_2021_I1972986/d21-x01-y01
DrawOnly=/CMS_2021_I1972986/d21-x01-y01 /suppr250_bornktmin10_100M_ParsiParams_posthadron_MSTP_merged.yoda/CMS_2021_I1972986/d21-x01-y01 /suppr250_bornktmin10_100M_ParsiParams_prehadron_MSTP_merged.yoda/CMS_2021_I1972986/d21-x01-y01
Title=CMS, $\sqrt(s)$ = 13 TeV, Inclusive AK7 jets, $0.0 < |y| < 0.5$
RatioPlotReference=/CMS_2021_I1972986/d21-x01-y01
RatioPlot=1
LogX=1
LogY=1
RatioPlotYMax=1.4
LegendXPos=0.65
XLabel=$p_{T}$ [GeV]
YLabel=d$^2\sigma$/d$p_{T}$d$y$ [pb/GeV]
LegendYPos=0.95
Legend=1
RatioPlotYMin=0.6
FullRange=1
# END PLOT

# BEGIN HISTO1D /CMS_2021_I1972986/d21-x01-y01
ConnectBins=0
ErrorBars=1
IsRef=1
Path=/CMS_2021_I1972986/d21-x01-y01
PolyMarker=*
Title=Data
# xlow	 xhigh	 val	 errminus	 errplus
9.700000e+01	1.330000e+02	1.473900e+04	7.487453e+02	7.487453e+02
1.330000e+02	1.740000e+02	3.236100e+03	1.419588e+02	1.419588e+02
1.740000e+02	2.200000e+02	8.605300e+02	3.571459e+01	3.571459e+01
2.200000e+02	2.720000e+02	2.574300e+02	1.032110e+01	1.032110e+01
2.720000e+02	3.300000e+02	8.538700e+01	3.318388e+00	3.318388e+00
3.300000e+02	3.950000e+02	2.965500e+01	1.135831e+00	1.135831e+00
3.950000e+02	4.680000e+02	1.099500e+01	4.155528e-01	4.155528e-01
4.680000e+02	5.480000e+02	4.189300e+00	1.578436e-01	1.578436e-01
5.480000e+02	6.380000e+02	1.658000e+00	6.285407e-02	6.285407e-02
6.380000e+02	7.370000e+02	6.663900e-01	2.567876e-02	2.567876e-02
7.370000e+02	8.460000e+02	2.737700e-01	1.083807e-02	1.083807e-02
8.460000e+02	9.670000e+02	1.137100e-01	4.663706e-03	4.663706e-03
9.670000e+02	1.101000e+03	4.685800e-02	2.006821e-03	2.006821e-03
1.101000e+03	1.248000e+03	1.937700e-02	8.757163e-04	8.757163e-04
1.248000e+03	1.410000e+03	7.955900e-03	3.849263e-04	3.849263e-04
1.410000e+03	1.588000e+03	3.274400e-03	1.717812e-04	1.717812e-04
1.588000e+03	1.784000e+03	1.251500e-03	7.276907e-05	7.276907e-05
1.784000e+03	2.000000e+03	4.742700e-04	3.149750e-05	3.149750e-05
2.000000e+03	2.238000e+03	1.815900e-04	1.426657e-05	1.426657e-05
2.238000e+03	2.500000e+03	6.127500e-05	6.279759e-06	6.279759e-06
2.500000e+03	2.787000e+03	1.934800e-05	2.885537e-06	2.885537e-06
2.787000e+03	3.103000e+03	4.600800e-06	1.299444e-06	1.299444e-06
# END HISTO1D


# BEGIN HISTO1D /suppr250_bornktmin10_100M_ParsiParams_posthadron_MSTP_merged.yoda/CMS_2021_I1972986/d21-x01-y01
LineColor=red
LineStyle=solid
Path=/suppr250_bornktmin10_100M_ParsiParams_posthadron_MSTP_merged.yoda/CMS_2021_I1972986/d21-x01-y01
ScaledBy=7.36876234267692380e-06
Title=PS+MPI+HAD
# xlow	 xhigh	 val	 errminus	 errplus
9.700000e+01	1.330000e+02	1.572805e+04	5.958843e+02	5.958843e+02
1.330000e+02	1.740000e+02	3.371349e+03	7.339258e+01	7.339258e+01
1.740000e+02	2.200000e+02	8.799083e+02	2.923171e+01	2.923171e+01
2.200000e+02	2.720000e+02	2.570252e+02	6.646250e+00	6.646250e+00
2.720000e+02	3.300000e+02	8.276295e+01	1.748053e+00	1.748053e+00
3.300000e+02	3.950000e+02	2.902449e+01	8.128814e-01	8.128814e-01
3.950000e+02	4.680000e+02	1.015140e+01	3.557505e-01	3.557505e-01
4.680000e+02	5.480000e+02	3.781704e+00	1.627828e-01	1.627828e-01
5.480000e+02	6.380000e+02	1.489581e+00	8.833391e-02	8.833391e-02
6.380000e+02	7.370000e+02	5.647815e-01	5.353238e-02	5.353238e-02
7.370000e+02	8.460000e+02	2.579874e-01	7.846619e-02	7.846619e-02
8.460000e+02	9.670000e+02	6.063158e-02	1.265605e-02	1.265605e-02
9.670000e+02	1.101000e+03	4.513278e-02	1.010190e-02	1.010190e-02
1.101000e+03	1.248000e+03	2.016952e-02	6.384466e-03	6.384466e-03
1.248000e+03	1.410000e+03	8.694278e-03	3.888318e-03	3.888318e-03
1.410000e+03	1.588000e+03	0.000000e+00	0.000000e+00	0.000000e+00
1.588000e+03	1.784000e+03	1.402373e-03	1.402373e-03	1.402373e-03
1.784000e+03	2.000000e+03	0.000000e+00	0.000000e+00	0.000000e+00
2.000000e+03	2.238000e+03	1.109271e-03	1.109271e-03	1.109271e-03
2.238000e+03	2.500000e+03	0.000000e+00	0.000000e+00	0.000000e+00
2.500000e+03	2.787000e+03	0.000000e+00	0.000000e+00	0.000000e+00
2.787000e+03	3.103000e+03	0.000000e+00	0.000000e+00	0.000000e+00
# END HISTO1D


# BEGIN HISTO1D /suppr250_bornktmin10_100M_ParsiParams_prehadron_MSTP_merged.yoda/CMS_2021_I1972986/d21-x01-y01
LineColor=blue
LineStyle=solid
Path=/suppr250_bornktmin10_100M_ParsiParams_prehadron_MSTP_merged.yoda/CMS_2021_I1972986/d21-x01-y01
ScaledBy=8.61313089030488802e-07
Title=PS
# xlow	 xhigh	 val	 errminus	 errplus
9.700000e+01	1.330000e+02	1.431429e+04	3.344391e+02	3.344391e+02
1.330000e+02	1.740000e+02	3.317037e+03	1.574518e+02	1.574518e+02
1.740000e+02	2.200000e+02	8.464680e+02	8.401874e+00	8.401874e+00
2.200000e+02	2.720000e+02	2.525871e+02	2.164645e+00	2.164645e+00
2.720000e+02	3.300000e+02	8.420133e+01	1.597381e+00	1.597381e+00
3.300000e+02	3.950000e+02	2.885625e+01	4.641994e-01	4.641994e-01
3.950000e+02	4.680000e+02	1.042352e+01	1.606726e-01	1.606726e-01
4.680000e+02	5.480000e+02	4.041284e+00	6.621916e-02	6.621916e-02
5.480000e+02	6.380000e+02	1.554160e+00	3.261953e-02	3.261953e-02
6.380000e+02	7.370000e+02	6.050156e-01	1.733841e-02	1.733841e-02
7.370000e+02	8.460000e+02	2.344011e-01	1.058699e-02	1.058699e-02
8.460000e+02	9.670000e+02	8.960860e-02	5.311552e-03	5.311552e-03
9.670000e+02	1.101000e+03	3.814876e-02	3.213010e-03	3.213010e-03
1.101000e+03	1.248000e+03	1.883643e-02	2.132091e-03	2.132091e-03
1.248000e+03	1.410000e+03	7.115438e-03	1.203362e-03	1.203362e-03
1.410000e+03	1.588000e+03	1.451846e-03	5.133283e-04	5.133283e-04
1.588000e+03	1.784000e+03	5.012007e-04	2.894139e-04	2.894139e-04
1.784000e+03	2.000000e+03	4.326053e-04	2.497650e-04	2.497650e-04
2.000000e+03	2.238000e+03	1.296595e-04	1.296595e-04	1.296595e-04
2.238000e+03	2.500000e+03	2.347242e-04	1.659751e-04	1.659751e-04
2.500000e+03	2.787000e+03	0.000000e+00	0.000000e+00	0.000000e+00
2.787000e+03	3.103000e+03	0.000000e+00	0.000000e+00	0.000000e+00
# END HISTO1D

