# BEGIN PLOT
LegendOnly=/CMS_2021_I1972986/d23-x01-y01 /prehadron_10k.yoda/CMS_2021_I1972986/d23-x01-y01 /posthadron_10k.yoda/CMS_2021_I1972986/d23-x01-y01
DrawOnly=/CMS_2021_I1972986/d23-x01-y01 /prehadron_10k.yoda/CMS_2021_I1972986/d23-x01-y01 /posthadron_10k.yoda/CMS_2021_I1972986/d23-x01-y01
Title=CMS, $\sqrt(s)$ = 13 TeV, Inclusive AK7 jets, $1.0 < |y| < 1.5$
RatioPlotReference=/CMS_2021_I1972986/d23-x01-y01
RatioPlot=1
LogX=1
LogY=1
RatioPlotYMax=1.4
LegendXPos=0.65
XLabel=$p_{T}$ [GeV]
YLabel=d$^2\sigma$/d$p_{T}$d$y$ [pb/GeV]
LegendYPos=0.95
Legend=1
RatioPlotYMin=0.6
FullRange=1
# END PLOT

# BEGIN HISTO1D /CMS_2021_I1972986/d23-x01-y01
ConnectBins=0
ErrorBars=1
IsRef=1
Path=/CMS_2021_I1972986/d23-x01-y01
PolyMarker=*
Title=Data
# xlow	 xhigh	 val	 errminus	 errplus
9.700000e+01	1.330000e+02	1.233000e+04	7.341257e+02	7.341257e+02
1.330000e+02	1.740000e+02	2.636100e+03	1.289461e+02	1.289461e+02
1.740000e+02	2.200000e+02	6.942100e+02	3.130901e+01	3.130901e+01
2.200000e+02	2.720000e+02	2.031500e+02	8.814384e+00	8.814384e+00
2.720000e+02	3.300000e+02	6.440400e+01	2.761782e+00	2.761782e+00
3.300000e+02	3.950000e+02	2.195600e+01	9.530258e-01	9.530258e-01
3.950000e+02	4.680000e+02	7.813100e+00	3.487576e-01	3.487576e-01
4.680000e+02	5.480000e+02	2.856500e+00	1.341957e-01	1.341957e-01
5.480000e+02	6.380000e+02	1.076000e+00	5.403755e-02	5.403755e-02
6.380000e+02	7.370000e+02	4.060600e-01	2.223318e-02	2.223318e-02
7.370000e+02	8.460000e+02	1.557300e-01	9.438165e-03	9.438165e-03
8.460000e+02	9.670000e+02	5.818000e-02	3.955196e-03	3.955196e-03
9.670000e+02	1.101000e+03	2.140700e-02	1.654477e-03	1.654477e-03
1.101000e+03	1.248000e+03	7.611300e-03	6.772960e-04	6.772960e-04
1.248000e+03	1.410000e+03	2.565300e-03	2.653674e-04	2.653674e-04
1.410000e+03	1.588000e+03	8.125000e-04	9.902570e-05	9.902570e-05
1.588000e+03	1.784000e+03	2.202300e-04	3.273929e-05	3.273929e-05
1.784000e+03	2.000000e+03	5.505100e-05	1.108755e-05	1.108755e-05
2.000000e+03	2.238000e+03	1.464700e-05	3.883734e-06	3.883734e-06
# END HISTO1D


# BEGIN HISTO1D /prehadron_10k.yoda/CMS_2021_I1972986/d23-x01-y01
ErrorBars=1
LineColor=red
LineStyle=solid
Path=/prehadron_10k.yoda/CMS_2021_I1972986/d23-x01-y01
ScaledBy=1.82154902982901074e+07
Title=PS
# xlow	 xhigh	 val	 errminus	 errplus
9.700000e+01	1.330000e+02	1.349113e+04	1.106316e+03	1.106316e+03
1.330000e+02	1.740000e+02	3.043561e+03	2.918264e+02	2.918264e+02
1.740000e+02	2.200000e+02	7.997100e+02	7.949373e+01	7.949373e+01
2.200000e+02	2.720000e+02	2.154133e+02	2.455433e+01	2.455433e+01
2.720000e+02	3.300000e+02	5.630855e+01	6.170251e+00	6.170251e+00
3.300000e+02	3.950000e+02	1.953492e+01	2.216012e+00	2.216012e+00
3.950000e+02	4.680000e+02	6.864584e+00	8.418090e-01	8.418090e-01
4.680000e+02	5.480000e+02	3.275255e+00	5.953674e-01	5.953674e-01
5.480000e+02	6.380000e+02	1.410378e+00	2.175635e-01	2.175635e-01
6.380000e+02	7.370000e+02	4.112845e-01	8.372947e-02	8.372947e-02
7.370000e+02	8.460000e+02	1.839402e-01	3.392154e-02	3.392154e-02
8.460000e+02	9.670000e+02	6.620359e-02	1.459207e-02	1.459207e-02
9.670000e+02	1.101000e+03	3.150968e-02	7.318913e-03	7.318913e-03
1.101000e+03	1.248000e+03	1.168335e-02	2.988758e-03	2.988758e-03
1.248000e+03	1.410000e+03	3.937817e-03	1.268866e-03	1.268866e-03
1.410000e+03	1.588000e+03	2.085936e-03	1.039500e-03	1.039500e-03
1.588000e+03	1.784000e+03	3.940464e-04	2.287230e-04	2.287230e-04
1.784000e+03	2.000000e+03	0.000000e+00	0.000000e+00	0.000000e+00
2.000000e+03	2.238000e+03	0.000000e+00	0.000000e+00	0.000000e+00
# END HISTO1D


# BEGIN HISTO1D /posthadron_10k.yoda/CMS_2021_I1972986/d23-x01-y01
ErrorBars=1
LineColor=blue
LineStyle=solid
Path=/posthadron_10k.yoda/CMS_2021_I1972986/d23-x01-y01
ScaledBy=1.86199903978543840e+07
Title=PS+HAD+MPI
# xlow	 xhigh	 val	 errminus	 errplus
9.700000e+01	1.330000e+02	1.794813e+04	1.522044e+03	1.522044e+03
1.330000e+02	1.740000e+02	3.178920e+03	3.193806e+02	3.193806e+02
1.740000e+02	2.200000e+02	9.104148e+02	9.042349e+01	9.042349e+01
2.200000e+02	2.720000e+02	2.562112e+02	2.934465e+01	2.934465e+01
2.720000e+02	3.300000e+02	7.317764e+01	7.168345e+00	7.168345e+00
3.300000e+02	3.950000e+02	2.795248e+01	3.529590e+00	3.529590e+00
3.950000e+02	4.680000e+02	7.469233e+00	1.187227e+00	1.187227e+00
4.680000e+02	5.480000e+02	3.592734e+00	5.536072e-01	5.536072e-01
5.480000e+02	6.380000e+02	1.389847e+00	2.040768e-01	2.040768e-01
6.380000e+02	7.370000e+02	5.238280e-01	1.027222e-01	1.027222e-01
7.370000e+02	8.460000e+02	1.253780e-01	2.698092e-02	2.698092e-02
8.460000e+02	9.670000e+02	7.113613e-02	1.628956e-02	1.628956e-02
9.670000e+02	1.101000e+03	2.672161e-02	7.179862e-03	7.179862e-03
1.101000e+03	1.248000e+03	8.541320e-03	2.855865e-03	2.855865e-03
1.248000e+03	1.410000e+03	1.078834e-03	6.697926e-04	6.697926e-04
1.410000e+03	1.588000e+03	4.060202e-04	2.871380e-04	2.871380e-04
1.588000e+03	1.784000e+03	2.813815e-04	1.989923e-04	1.989923e-04
1.784000e+03	2.000000e+03	0.000000e+00	0.000000e+00	0.000000e+00
2.000000e+03	2.238000e+03	0.000000e+00	0.000000e+00	0.000000e+00
# END HISTO1D

