# BEGIN PLOT
LegendOnly=/CMS_2021_I1972986/d04-x01-y01 /suppr5300_bornktmin250_1B_ParsiParams_MSTP_posthadron_merged.yoda/CMS_2021_I1972986/d04-x01-y01 /suppr5300_bornktmin250_1B_ParsiParams_MSTP_prehadron_merged.yoda/CMS_2021_I1972986/d04-x01-y01
DrawOnly=/CMS_2021_I1972986/d04-x01-y01 /suppr5300_bornktmin250_1B_ParsiParams_MSTP_posthadron_merged.yoda/CMS_2021_I1972986/d04-x01-y01 /suppr5300_bornktmin250_1B_ParsiParams_MSTP_prehadron_merged.yoda/CMS_2021_I1972986/d04-x01-y01
Title=CMS, $\sqrt(s)$ = 13 TeV, Inclusive AK4 jets, $1.5 < |y| < 2.0$
RatioPlotReference=/CMS_2021_I1972986/d04-x01-y01
RatioPlot=1
LogX=1
LogY=1
RatioPlotYMax=1.4
LegendXPos=0.65
XLabel=$p_{T}$ [GeV]
YLabel=d$^2\sigma$/d$p_{T}$d$y$ [pb/GeV]
LegendYPos=0.96
Legend=1
RatioPlotYMin=0.6
FullRange=1
# END PLOT

# BEGIN HISTO1D /CMS_2021_I1972986/d04-x01-y01
ConnectBins=0
ErrorBars=1
IsRef=1
Path=/CMS_2021_I1972986/d04-x01-y01
PolyMarker=*
Title=Data
# xlow	 xhigh	 val	 errminus	 errplus
9.700000e+01	1.330000e+02	6.398100e+03	3.942272e+02	3.942272e+02
1.330000e+02	1.740000e+02	1.433800e+03	7.805702e+01	7.805702e+01
1.740000e+02	2.200000e+02	3.841500e+02	2.010232e+01	2.010232e+01
2.200000e+02	2.720000e+02	1.126000e+02	5.771391e+00	5.771391e+00
2.720000e+02	3.300000e+02	3.567500e+01	1.820850e+00	1.820850e+00
3.300000e+02	3.950000e+02	1.185000e+01	6.111903e-01	6.111903e-01
3.950000e+02	4.680000e+02	4.059300e+00	2.148317e-01	2.148317e-01
4.680000e+02	5.480000e+02	1.391600e+00	7.705394e-02	7.705394e-02
5.480000e+02	6.380000e+02	4.812600e-01	2.826861e-02	2.826861e-02
6.380000e+02	7.370000e+02	1.591400e-01	1.013618e-02	1.013618e-02
7.370000e+02	8.460000e+02	5.135000e-02	3.641620e-03	3.641620e-03
8.460000e+02	9.670000e+02	1.568000e-02	1.277638e-03	1.277638e-03
9.670000e+02	1.101000e+03	4.298700e-03	4.116181e-04	4.116181e-04
1.101000e+03	1.248000e+03	1.083700e-03	1.278146e-04	1.278146e-04
1.248000e+03	1.410000e+03	1.935200e-04	3.001272e-05	3.001272e-05
1.410000e+03	1.588000e+03	4.504500e-05	9.848151e-06	9.848151e-06
# END HISTO1D


# BEGIN HISTO1D /suppr5300_bornktmin250_1B_ParsiParams_MSTP_posthadron_merged.yoda/CMS_2021_I1972986/d04-x01-y01
ErrorBars=1
LineColor=red
LineStyle=solid
Path=/suppr5300_bornktmin250_1B_ParsiParams_MSTP_posthadron_merged.yoda/CMS_2021_I1972986/d04-x01-y01
ScaledBy=1.24775404272309840e-05
Title=PSI+MPI+HAD
# xlow	 xhigh	 val	 errminus	 errplus
9.700000e+01	1.330000e+02	3.063278e+00	1.882060e-01	1.882060e-01
1.330000e+02	1.740000e+02	5.270005e+00	4.314689e-01	4.314689e-01
1.740000e+02	2.200000e+02	1.491398e+01	4.285745e-01	4.285745e-01
2.200000e+02	2.720000e+02	2.138171e+01	1.347571e+00	1.347571e+00
2.720000e+02	3.300000e+02	8.532869e-01	1.883081e-01	1.883081e-01
3.300000e+02	3.950000e+02	2.693029e+01	5.408608e-01	5.408608e-01
3.950000e+02	4.680000e+02	6.975990e+00	1.478991e-01	1.478991e-01
4.680000e+02	5.480000e+02	2.226466e-01	1.639028e-02	1.639028e-02
5.480000e+02	6.380000e+02	9.069402e-01	2.063240e-02	2.063240e-02
6.380000e+02	7.370000e+02	2.673244e-01	6.315766e-03	6.315766e-03
7.370000e+02	8.460000e+02	7.597243e-02	2.020509e-03	2.020509e-03
8.460000e+02	9.670000e+02	2.446672e-02	7.652561e-04	7.652561e-04
9.670000e+02	1.101000e+03	1.697698e-04	4.719774e-05	4.719774e-05
1.101000e+03	1.248000e+03	2.206827e-06	2.206827e-06	2.206827e-06
1.248000e+03	1.410000e+03	1.686165e-03	5.339477e-05	5.339477e-05
1.410000e+03	1.588000e+03	9.316208e-06	3.293777e-06	3.293777e-06
# END HISTO1D


# BEGIN HISTO1D /suppr5300_bornktmin250_1B_ParsiParams_MSTP_prehadron_merged.yoda/CMS_2021_I1972986/d04-x01-y01
ErrorBars=1
LineColor=blue
LineStyle=solid
Path=/suppr5300_bornktmin250_1B_ParsiParams_MSTP_prehadron_merged.yoda/CMS_2021_I1972986/d04-x01-y01
ScaledBy=1.98088054101809346e-06
Title=PS
# xlow	 xhigh	 val	 errminus	 errplus
9.700000e+01	1.330000e+02	5.697597e+01	9.390023e-01	9.390023e-01
1.330000e+02	1.740000e+02	4.030890e+01	7.260647e-01	7.260647e-01
1.740000e+02	2.200000e+02	3.031989e+01	6.350032e-01	6.350032e-01
2.200000e+02	2.720000e+02	1.904093e+01	5.129840e-01	5.129840e-01
2.720000e+02	3.300000e+02	4.120593e+01	5.400476e-01	5.400476e-01
3.300000e+02	3.950000e+02	7.818582e+00	1.549191e-01	1.549191e-01
3.950000e+02	4.680000e+02	4.527205e+00	4.698051e-02	4.698051e-02
4.680000e+02	5.480000e+02	1.405363e+00	1.850244e-02	1.850244e-02
5.480000e+02	6.380000e+02	8.314014e-01	1.174657e-02	1.174657e-02
6.380000e+02	7.370000e+02	1.876715e-01	2.533327e-03	2.533327e-03
7.370000e+02	8.460000e+02	7.497137e-02	8.951253e-04	8.951253e-04
8.460000e+02	9.670000e+02	1.352380e-02	2.269594e-04	2.269594e-04
9.670000e+02	1.101000e+03	1.221566e-02	2.136596e-04	2.136596e-04
1.101000e+03	1.248000e+03	9.540184e-04	2.364792e-05	2.364792e-05
1.248000e+03	1.410000e+03	4.916772e-04	1.073274e-05	1.073274e-05
1.410000e+03	1.588000e+03	0.000000e+00	0.000000e+00	0.000000e+00
# END HISTO1D

