# BEGIN PLOT
LegendOnly=/CMS_2021_I1972986/d23-x01-y01 /Paris_CUETP8M_10T_2_prehadron_merged.yoda/CMS_2021_I1972986/d23-x01-y01 /Paris_CUETP8M_10T_2_posthadron_merged.yoda/CMS_2021_I1972986/d23-x01-y01
DrawOnly=/CMS_2021_I1972986/d23-x01-y01 /Paris_CUETP8M_10T_2_prehadron_merged.yoda/CMS_2021_I1972986/d23-x01-y01 /Paris_CUETP8M_10T_2_posthadron_merged.yoda/CMS_2021_I1972986/d23-x01-y01
Title=CMS, $\sqrt(s)$ = 13 TeV, Inclusive AK7 jets, $1.0 < |y| < 1.5$
RatioPlotReference=/CMS_2021_I1972986/d23-x01-y01
RatioPlot=1
LogX=1
LogY=1
RatioPlotYMax=1.4
LegendXPos=0.65
XLabel=$p_{T}$ [GeV]
YLabel=d$^2\sigma$/d$p_{T}$d$y$ [pb/GeV]
LegendYPos=0.95
Legend=1
RatioPlotYMin=0.6
FullRange=1
# END PLOT

# BEGIN HISTO1D /CMS_2021_I1972986/d23-x01-y01
ConnectBins=0
ErrorBars=1
IsRef=1
Path=/CMS_2021_I1972986/d23-x01-y01
PolyMarker=*
Title=Data
# xlow	 xhigh	 val	 errminus	 errplus
9.700000e+01	1.330000e+02	1.233000e+04	7.341257e+02	7.341257e+02
1.330000e+02	1.740000e+02	2.636100e+03	1.289461e+02	1.289461e+02
1.740000e+02	2.200000e+02	6.942100e+02	3.130901e+01	3.130901e+01
2.200000e+02	2.720000e+02	2.031500e+02	8.814384e+00	8.814384e+00
2.720000e+02	3.300000e+02	6.440400e+01	2.761782e+00	2.761782e+00
3.300000e+02	3.950000e+02	2.195600e+01	9.530258e-01	9.530258e-01
3.950000e+02	4.680000e+02	7.813100e+00	3.487576e-01	3.487576e-01
4.680000e+02	5.480000e+02	2.856500e+00	1.341957e-01	1.341957e-01
5.480000e+02	6.380000e+02	1.076000e+00	5.403755e-02	5.403755e-02
6.380000e+02	7.370000e+02	4.060600e-01	2.223318e-02	2.223318e-02
7.370000e+02	8.460000e+02	1.557300e-01	9.438165e-03	9.438165e-03
8.460000e+02	9.670000e+02	5.818000e-02	3.955196e-03	3.955196e-03
9.670000e+02	1.101000e+03	2.140700e-02	1.654477e-03	1.654477e-03
1.101000e+03	1.248000e+03	7.611300e-03	6.772960e-04	6.772960e-04
1.248000e+03	1.410000e+03	2.565300e-03	2.653674e-04	2.653674e-04
1.410000e+03	1.588000e+03	8.125000e-04	9.902570e-05	9.902570e-05
1.588000e+03	1.784000e+03	2.202300e-04	3.273929e-05	3.273929e-05
1.784000e+03	2.000000e+03	5.505100e-05	1.108755e-05	1.108755e-05
2.000000e+03	2.238000e+03	1.464700e-05	3.883734e-06	3.883734e-06
# END HISTO1D


# BEGIN HISTO1D /Paris_CUETP8M_10T_2_prehadron_merged.yoda/CMS_2021_I1972986/d23-x01-y01
ErrorBars=1
LineColor=red
LineStyle=solid
Path=/Paris_CUETP8M_10T_2_prehadron_merged.yoda/CMS_2021_I1972986/d23-x01-y01
ScaledBy=8.21230048927761709e+03
Title=PS
# xlow	 xhigh	 val	 errminus	 errplus
9.700000e+01	1.330000e+02	1.631741e+04	4.993427e+01	4.993427e+01
1.330000e+02	1.740000e+02	2.423847e+03	7.186820e+00	7.186820e+00
1.740000e+02	2.200000e+02	5.938543e+02	1.570212e+00	1.570212e+00
2.200000e+02	2.720000e+02	1.842336e+02	5.316265e-01	5.316265e-01
2.720000e+02	3.300000e+02	7.989431e+01	2.968177e-01	2.968177e-01
3.300000e+02	3.950000e+02	2.766774e+01	8.271160e-02	8.271160e-02
3.950000e+02	4.680000e+02	1.456544e+01	8.390550e-02	8.390550e-02
4.680000e+02	5.480000e+02	3.275556e+00	8.758138e-03	8.758138e-03
5.480000e+02	6.380000e+02	1.188131e+00	3.311755e-03	3.311755e-03
6.380000e+02	7.370000e+02	4.899849e-01	1.505456e-03	1.505456e-03
7.370000e+02	8.460000e+02	2.170906e-01	8.766074e-04	8.766074e-04
8.460000e+02	9.670000e+02	6.084236e-02	2.360950e-04	2.360950e-04
9.670000e+02	1.101000e+03	1.814406e-02	9.946177e-05	9.946177e-05
1.101000e+03	1.248000e+03	7.457408e-03	4.174843e-05	4.174843e-05
1.248000e+03	1.410000e+03	2.931407e-03	1.841593e-05	1.841593e-05
1.410000e+03	1.588000e+03	8.782933e-04	7.844648e-06	7.844648e-06
1.588000e+03	1.784000e+03	4.388463e-04	4.092942e-06	4.092942e-06
1.784000e+03	2.000000e+03	7.683028e-05	1.076570e-06	1.076570e-06
2.000000e+03	2.238000e+03	8.901134e-06	2.914715e-07	2.914715e-07
# END HISTO1D


# BEGIN HISTO1D /Paris_CUETP8M_10T_2_posthadron_merged.yoda/CMS_2021_I1972986/d23-x01-y01
ErrorBars=1
LineColor=blue
LineStyle=solid
Path=/Paris_CUETP8M_10T_2_posthadron_merged.yoda/CMS_2021_I1972986/d23-x01-y01
ScaledBy=5.49148350796389568e+04
Title=PS+MPI+HAD
# xlow	 xhigh	 val	 errminus	 errplus
9.700000e+01	1.330000e+02	1.429106e+04	9.985282e+01	9.985282e+01
1.330000e+02	1.740000e+02	3.912176e+03	2.829353e+01	2.829353e+01
1.740000e+02	2.200000e+02	4.321378e+02	3.474669e+00	3.474669e+00
2.200000e+02	2.720000e+02	1.921416e+02	1.272984e+00	1.272984e+00
2.720000e+02	3.300000e+02	4.551174e+01	3.323206e-01	3.323206e-01
3.300000e+02	3.950000e+02	2.179860e+01	1.465452e-01	1.465452e-01
3.950000e+02	4.680000e+02	1.764304e+01	1.906855e-01	1.906855e-01
4.680000e+02	5.480000e+02	1.852879e+00	1.541196e-02	1.541196e-02
5.480000e+02	6.380000e+02	7.415199e-01	6.256476e-03	6.256476e-03
6.380000e+02	7.370000e+02	5.381178e-01	3.651526e-03	3.651526e-03
7.370000e+02	8.460000e+02	1.619168e-01	1.579538e-03	1.579538e-03
8.460000e+02	9.670000e+02	4.276821e-02	5.462421e-04	5.462421e-04
9.670000e+02	1.101000e+03	1.257983e-02	1.938392e-04	1.938392e-04
1.101000e+03	1.248000e+03	8.304714e-03	9.673950e-05	9.673950e-05
1.248000e+03	1.410000e+03	4.513099e-03	5.607628e-05	5.607628e-05
1.410000e+03	1.588000e+03	8.088483e-04	1.929113e-05	1.929113e-05
1.588000e+03	1.784000e+03	1.237820e-04	4.741211e-06	4.741211e-06
1.784000e+03	2.000000e+03	2.049311e-05	1.420183e-06	1.420183e-06
2.000000e+03	2.238000e+03	1.664061e-06	2.926614e-07	2.926614e-07
# END HISTO1D

