# BEGIN PLOT
LegendOnly=/CMS_2021_I1972986/d21-x01-y01 /suppr250_bornktmin10_1B_ParsiParams_posthadron_merged.yoda/CMS_2021_I1972986/d21-x01-y01 /suppr250_bornktmin10_1B_ParsiParams_prehadron_merged.yoda/CMS_2021_I1972986/d21-x01-y01
DrawOnly=/CMS_2021_I1972986/d21-x01-y01 /suppr250_bornktmin10_1B_ParsiParams_posthadron_merged.yoda/CMS_2021_I1972986/d21-x01-y01 /suppr250_bornktmin10_1B_ParsiParams_prehadron_merged.yoda/CMS_2021_I1972986/d21-x01-y01
Title=CMS, $\sqrt(s)$ = 13 TeV, Inclusive AK7 jets, $0.0 < |y| < 0.5$
RatioPlotReference=/CMS_2021_I1972986/d21-x01-y01
RatioPlot=1
LogX=1
LogY=1
RatioPlotYMax=1.4
LegendXPos=0.65
XLabel=$p_{T}$ [GeV]
YLabel=d$^2\sigma$/d$p_{T}$d$y$ [pb/GeV]
LegendYPos=0.95
Legend=1
RatioPlotYMin=0.6
FullRange=1
# END PLOT

# BEGIN HISTO1D /CMS_2021_I1972986/d21-x01-y01
ConnectBins=0
ErrorBars=1
IsRef=1
Path=/CMS_2021_I1972986/d21-x01-y01
PolyMarker=*
Title=Data
# xlow	 xhigh	 val	 errminus	 errplus
9.700000e+01	1.330000e+02	1.473900e+04	7.487453e+02	7.487453e+02
1.330000e+02	1.740000e+02	3.236100e+03	1.419588e+02	1.419588e+02
1.740000e+02	2.200000e+02	8.605300e+02	3.571459e+01	3.571459e+01
2.200000e+02	2.720000e+02	2.574300e+02	1.032110e+01	1.032110e+01
2.720000e+02	3.300000e+02	8.538700e+01	3.318388e+00	3.318388e+00
3.300000e+02	3.950000e+02	2.965500e+01	1.135831e+00	1.135831e+00
3.950000e+02	4.680000e+02	1.099500e+01	4.155528e-01	4.155528e-01
4.680000e+02	5.480000e+02	4.189300e+00	1.578436e-01	1.578436e-01
5.480000e+02	6.380000e+02	1.658000e+00	6.285407e-02	6.285407e-02
6.380000e+02	7.370000e+02	6.663900e-01	2.567876e-02	2.567876e-02
7.370000e+02	8.460000e+02	2.737700e-01	1.083807e-02	1.083807e-02
8.460000e+02	9.670000e+02	1.137100e-01	4.663706e-03	4.663706e-03
9.670000e+02	1.101000e+03	4.685800e-02	2.006821e-03	2.006821e-03
1.101000e+03	1.248000e+03	1.937700e-02	8.757163e-04	8.757163e-04
1.248000e+03	1.410000e+03	7.955900e-03	3.849263e-04	3.849263e-04
1.410000e+03	1.588000e+03	3.274400e-03	1.717812e-04	1.717812e-04
1.588000e+03	1.784000e+03	1.251500e-03	7.276907e-05	7.276907e-05
1.784000e+03	2.000000e+03	4.742700e-04	3.149750e-05	3.149750e-05
2.000000e+03	2.238000e+03	1.815900e-04	1.426657e-05	1.426657e-05
2.238000e+03	2.500000e+03	6.127500e-05	6.279759e-06	6.279759e-06
2.500000e+03	2.787000e+03	1.934800e-05	2.885537e-06	2.885537e-06
2.787000e+03	3.103000e+03	4.600800e-06	1.299444e-06	1.299444e-06
# END HISTO1D


# BEGIN HISTO1D /suppr250_bornktmin10_1B_ParsiParams_posthadron_merged.yoda/CMS_2021_I1972986/d21-x01-y01
LineColor=red
LineStyle=solid
Path=/suppr250_bornktmin10_1B_ParsiParams_posthadron_merged.yoda/CMS_2021_I1972986/d21-x01-y01
ScaledBy=3.07917798264575299e-06
Title=PS+MPI+HAD
# xlow	 xhigh	 val	 errminus	 errplus
9.700000e+01	1.330000e+02	1.708776e+04	7.485708e+02	7.485708e+02
1.330000e+02	1.740000e+02	3.334266e+03	4.914896e+01	4.914896e+01
1.740000e+02	2.200000e+02	8.783554e+02	2.410243e+01	2.410243e+01
2.200000e+02	2.720000e+02	2.489344e+02	3.283360e+00	3.283360e+00
2.720000e+02	3.300000e+02	8.280331e+01	1.957861e+00	1.957861e+00
3.300000e+02	3.950000e+02	2.810102e+01	4.978156e-01	4.978156e-01
3.950000e+02	4.680000e+02	1.053956e+01	3.490063e-01	3.490063e-01
4.680000e+02	5.480000e+02	4.048477e+00	2.161382e-01	2.161382e-01
5.480000e+02	6.380000e+02	1.574802e+00	5.978711e-02	5.978711e-02
6.380000e+02	7.370000e+02	6.282681e-01	3.474068e-02	3.474068e-02
7.370000e+02	8.460000e+02	2.466402e-01	3.566631e-02	3.566631e-02
8.460000e+02	9.670000e+02	8.464215e-02	9.742536e-03	9.742536e-03
9.670000e+02	1.101000e+03	4.329217e-02	6.552645e-03	6.552645e-03
1.101000e+03	1.248000e+03	2.309817e-02	4.709978e-03	4.709978e-03
1.248000e+03	1.410000e+03	8.721414e-03	2.517866e-03	2.517866e-03
1.410000e+03	1.588000e+03	1.964043e-03	1.134009e-03	1.134009e-03
1.588000e+03	1.784000e+03	5.865051e-04	5.865048e-04	5.865048e-04
1.784000e+03	2.000000e+03	5.320963e-04	5.320961e-04	5.320961e-04
2.000000e+03	2.238000e+03	0.000000e+00	0.000000e+00	0.000000e+00
2.238000e+03	2.500000e+03	0.000000e+00	0.000000e+00	0.000000e+00
2.500000e+03	2.787000e+03	0.000000e+00	0.000000e+00	0.000000e+00
2.787000e+03	3.103000e+03	0.000000e+00	0.000000e+00	0.000000e+00
# END HISTO1D


# BEGIN HISTO1D /suppr250_bornktmin10_1B_ParsiParams_prehadron_merged.yoda/CMS_2021_I1972986/d21-x01-y01
LineColor=blue
LineStyle=solid
Path=/suppr250_bornktmin10_1B_ParsiParams_prehadron_merged.yoda/CMS_2021_I1972986/d21-x01-y01
ScaledBy=2.96721024969370956e-07
Title=PS
# xlow	 xhigh	 val	 errminus	 errplus
9.700000e+01	1.330000e+02	1.427039e+04	2.658313e+02	2.658313e+02
1.330000e+02	1.740000e+02	3.589429e+03	3.345103e+02	3.345103e+02
1.740000e+02	2.200000e+02	9.830174e+02	1.457027e+02	1.457027e+02
2.200000e+02	2.720000e+02	2.515137e+02	2.780900e+00	2.780900e+00
2.720000e+02	3.300000e+02	8.273341e+01	9.562419e-01	9.562419e-01
3.300000e+02	3.950000e+02	2.809488e+01	2.293636e-01	2.293636e-01
3.950000e+02	4.680000e+02	1.031096e+01	1.338848e-01	1.338848e-01
4.680000e+02	5.480000e+02	3.945221e+00	5.832993e-02	5.832993e-02
5.480000e+02	6.380000e+02	1.519056e+00	2.228930e-02	2.228930e-02
6.380000e+02	7.370000e+02	6.087691e-01	1.021084e-02	1.021084e-02
7.370000e+02	8.460000e+02	2.368185e-01	5.831389e-03	5.831389e-03
8.460000e+02	9.670000e+02	9.885959e-02	3.341442e-03	3.341442e-03
9.670000e+02	1.101000e+03	4.090077e-02	1.939831e-03	1.939831e-03
1.101000e+03	1.248000e+03	1.636258e-02	1.154844e-03	1.154844e-03
1.248000e+03	1.410000e+03	7.315599e-03	7.698907e-04	7.698907e-04
1.410000e+03	1.588000e+03	2.382446e-03	3.865491e-04	3.865491e-04
1.588000e+03	1.784000e+03	1.065985e-03	2.445823e-04	2.445823e-04
1.784000e+03	2.000000e+03	1.992578e-04	9.962993e-05	9.962993e-05
2.000000e+03	2.238000e+03	1.342618e-04	7.751615e-05	7.751615e-05
2.238000e+03	2.500000e+03	8.086214e-05	5.717817e-05	5.717817e-05
2.500000e+03	2.787000e+03	0.000000e+00	0.000000e+00	0.000000e+00
2.787000e+03	3.103000e+03	0.000000e+00	0.000000e+00	0.000000e+00
# END HISTO1D

