# BEGIN PLOT
LegendOnly=/CMS_2021_I1972986/d01-x01-y01 /suppr250_bornktmin10_1B_ParsiParams_posthadron_merged.yoda/CMS_2021_I1972986/d01-x01-y01 /suppr250_bornktmin10_1B_ParsiParams_prehadron_merged.yoda/CMS_2021_I1972986/d01-x01-y01
DrawOnly=/CMS_2021_I1972986/d01-x01-y01 /suppr250_bornktmin10_1B_ParsiParams_posthadron_merged.yoda/CMS_2021_I1972986/d01-x01-y01 /suppr250_bornktmin10_1B_ParsiParams_prehadron_merged.yoda/CMS_2021_I1972986/d01-x01-y01
Title=CMS, $\sqrt(s)$ = 13 TeV, Inclusive AK4 jets, $0.0 < |y| < 0.5$
RatioPlotReference=/CMS_2021_I1972986/d01-x01-y01
RatioPlot=1
LogX=1
LogY=1
RatioPlotYMax=1.4
LegendXPos=0.65
XLabel=$p_{T}$ [GeV]
YLabel=d$^2\sigma$/d$p_{T}$d$y$ [pb/GeV]
LegendYPos=0.95
Legend=1
RatioPlotYMin=0.6
FullRange=1
# END PLOT

# BEGIN HISTO1D /CMS_2021_I1972986/d01-x01-y01
ConnectBins=0
ErrorBars=1
IsRef=1
Path=/CMS_2021_I1972986/d01-x01-y01
PolyMarker=*
Title=Data
# xlow	 xhigh	 val	 errminus	 errplus
9.700000e+01	1.330000e+02	9.375900e+03	4.316445e+02	4.316445e+02
1.330000e+02	1.740000e+02	2.186600e+03	9.151628e+01	9.151628e+01
1.740000e+02	2.200000e+02	6.047600e+02	2.418789e+01	2.418789e+01
2.200000e+02	2.720000e+02	1.879100e+02	7.318269e+00	7.318269e+00
2.720000e+02	3.300000e+02	6.272000e+01	2.387015e+00	2.387015e+00
3.300000e+02	3.950000e+02	2.231100e+01	8.369355e-01	8.369355e-01
3.950000e+02	4.680000e+02	8.396100e+00	3.112723e-01	3.112723e-01
4.680000e+02	5.480000e+02	3.245400e+00	1.200554e-01	1.200554e-01
5.480000e+02	6.380000e+02	1.300900e+00	4.846108e-02	4.846108e-02
6.380000e+02	7.370000e+02	5.273600e-01	2.001339e-02	2.001339e-02
7.370000e+02	8.460000e+02	2.182300e-01	8.525460e-03	8.525460e-03
8.460000e+02	9.670000e+02	9.175800e-02	3.723723e-03	3.723723e-03
9.670000e+02	1.101000e+03	3.788000e-02	1.610185e-03	1.610185e-03
1.101000e+03	1.248000e+03	1.582700e-02	7.120688e-04	7.120688e-04
1.248000e+03	1.410000e+03	6.544000e-03	3.170324e-04	3.170324e-04
1.410000e+03	1.588000e+03	2.694600e-03	1.424676e-04	1.424676e-04
1.588000e+03	1.784000e+03	1.025400e-03	6.062343e-05	6.062343e-05
1.784000e+03	2.000000e+03	4.047400e-04	2.745578e-05	2.745578e-05
2.000000e+03	2.238000e+03	1.539000e-04	1.250435e-05	1.250435e-05
2.238000e+03	2.500000e+03	5.217300e-05	5.585222e-06	5.585222e-06
2.500000e+03	2.787000e+03	1.543800e-05	2.529668e-06	2.529668e-06
2.787000e+03	3.103000e+03	4.728000e-06	1.214519e-06	1.214519e-06
# END HISTO1D


# BEGIN HISTO1D /suppr250_bornktmin10_1B_ParsiParams_posthadron_merged.yoda/CMS_2021_I1972986/d01-x01-y01
LineColor=red
LineStyle=solid
Path=/suppr250_bornktmin10_1B_ParsiParams_posthadron_merged.yoda/CMS_2021_I1972986/d01-x01-y01
ScaledBy=3.07925383521065184e-06
Title=PS+MPI+HAD
# xlow	 xhigh	 val	 errminus	 errplus
9.700000e+01	1.330000e+02	1.082461e+04	5.501467e+02	5.501467e+02
1.330000e+02	1.740000e+02	2.320529e+03	3.978474e+01	3.978474e+01
1.740000e+02	2.200000e+02	6.332689e+02	1.913757e+01	1.913757e+01
2.200000e+02	2.720000e+02	1.821753e+02	2.524471e+00	2.524471e+00
2.720000e+02	3.300000e+02	6.187369e+01	1.566495e+00	1.566495e+00
3.300000e+02	3.950000e+02	2.163272e+01	4.264814e-01	4.264814e-01
3.950000e+02	4.680000e+02	8.235927e+00	2.059711e-01	2.059711e-01
4.680000e+02	5.480000e+02	2.894801e+00	9.232746e-02	9.232746e-02
5.480000e+02	6.380000e+02	1.217490e+00	5.013265e-02	5.013265e-02
6.380000e+02	7.370000e+02	5.046898e-01	4.558670e-02	4.558670e-02
7.370000e+02	8.460000e+02	1.693111e-01	1.530164e-02	1.530164e-02
8.460000e+02	9.670000e+02	7.734398e-02	9.276152e-03	9.276152e-03
9.670000e+02	1.101000e+03	4.230564e-02	6.532094e-03	6.532094e-03
1.101000e+03	1.248000e+03	1.661258e-02	3.717936e-03	3.717936e-03
1.248000e+03	1.410000e+03	5.833690e-03	2.062553e-03	2.062553e-03
1.410000e+03	1.588000e+03	1.964092e-03	1.134037e-03	1.134037e-03
1.588000e+03	1.784000e+03	1.172926e-03	8.293836e-04	8.293836e-04
1.784000e+03	2.000000e+03	0.000000e+00	0.000000e+00	0.000000e+00
2.000000e+03	2.238000e+03	0.000000e+00	0.000000e+00	0.000000e+00
2.238000e+03	2.500000e+03	0.000000e+00	0.000000e+00	0.000000e+00
2.500000e+03	2.787000e+03	0.000000e+00	0.000000e+00	0.000000e+00
2.787000e+03	3.103000e+03	0.000000e+00	0.000000e+00	0.000000e+00
# END HISTO1D


# BEGIN HISTO1D /suppr250_bornktmin10_1B_ParsiParams_prehadron_merged.yoda/CMS_2021_I1972986/d01-x01-y01
LineColor=blue
LineStyle=solid
Path=/suppr250_bornktmin10_1B_ParsiParams_prehadron_merged.yoda/CMS_2021_I1972986/d01-x01-y01
ScaledBy=2.96721024969370956e-07
Title=PS
# xlow	 xhigh	 val	 errminus	 errplus
9.700000e+01	1.330000e+02	1.073659e+04	1.655970e+02	1.655970e+02
1.330000e+02	1.740000e+02	2.848027e+03	3.335753e+02	3.335753e+02
1.740000e+02	2.200000e+02	7.940257e+02	1.456417e+02	1.456417e+02
2.200000e+02	2.720000e+02	1.943631e+02	1.449379e+00	1.449379e+00
2.720000e+02	3.300000e+02	6.431436e+01	4.772229e-01	4.772229e-01
3.300000e+02	3.950000e+02	2.233623e+01	2.032778e-01	2.032778e-01
3.950000e+02	4.680000e+02	8.291304e+00	1.249518e-01	1.249518e-01
4.680000e+02	5.480000e+02	3.153780e+00	4.033061e-02	4.033061e-02
5.480000e+02	6.380000e+02	1.196922e+00	1.576336e-02	1.576336e-02
6.380000e+02	7.370000e+02	4.971324e-01	8.964126e-03	8.964126e-03
7.370000e+02	8.460000e+02	1.899763e-01	5.180622e-03	5.180622e-03
8.460000e+02	9.670000e+02	8.088145e-02	2.950199e-03	2.950199e-03
9.670000e+02	1.101000e+03	3.345001e-02	1.746900e-03	1.746900e-03
1.101000e+03	1.248000e+03	1.427181e-02	1.076180e-03	1.076180e-03
1.248000e+03	1.410000e+03	5.807396e-03	6.957037e-04	6.957037e-04
1.410000e+03	1.588000e+03	2.190766e-03	3.703765e-04	3.703765e-04
1.588000e+03	1.784000e+03	7.295719e-04	2.023802e-04	2.023802e-04
1.784000e+03	2.000000e+03	1.992578e-04	9.962993e-05	9.962993e-05
2.000000e+03	2.238000e+03	8.959429e-05	6.335273e-05	6.335273e-05
2.238000e+03	2.500000e+03	8.086214e-05	5.717817e-05	5.717817e-05
2.500000e+03	2.787000e+03	0.000000e+00	0.000000e+00	0.000000e+00
2.787000e+03	3.103000e+03	0.000000e+00	0.000000e+00	0.000000e+00
# END HISTO1D

