# BEGIN PLOT
LegendOnly=/CMS_2021_I1972986/d23-x01-y01 /suppr800_bornktmin300_100M_ParisParams_posthadron_merged.yoda/CMS_2021_I1972986/d23-x01-y01 /suppr800_bornktmin300_100M_ParisParams_prehadron_merged.yoda/CMS_2021_I1972986/d23-x01-y01
DrawOnly=/CMS_2021_I1972986/d23-x01-y01 /suppr800_bornktmin300_100M_ParisParams_posthadron_merged.yoda/CMS_2021_I1972986/d23-x01-y01 /suppr800_bornktmin300_100M_ParisParams_prehadron_merged.yoda/CMS_2021_I1972986/d23-x01-y01
Title=CMS, $\sqrt(s)$ = 13 TeV, Inclusive AK7 jets, $1.0 < |y| < 1.5$
RatioPlotReference=/CMS_2021_I1972986/d23-x01-y01
RatioPlot=1
LogX=1
LogY=1
RatioPlotYMax=1.4
LegendXPos=0.65
XLabel=$p_{T}$ [GeV]
YLabel=d$^2\sigma$/d$p_{T}$d$y$ [pb/GeV]
LegendYPos=0.95
Legend=1
RatioPlotYMin=0.6
FullRange=1
# END PLOT

# BEGIN HISTO1D /CMS_2021_I1972986/d23-x01-y01
ConnectBins=0
ErrorBars=1
IsRef=1
Path=/CMS_2021_I1972986/d23-x01-y01
PolyMarker=*
Title=Data
# xlow	 xhigh	 val	 errminus	 errplus
9.700000e+01	1.330000e+02	1.233000e+04	7.341257e+02	7.341257e+02
1.330000e+02	1.740000e+02	2.636100e+03	1.289461e+02	1.289461e+02
1.740000e+02	2.200000e+02	6.942100e+02	3.130901e+01	3.130901e+01
2.200000e+02	2.720000e+02	2.031500e+02	8.814384e+00	8.814384e+00
2.720000e+02	3.300000e+02	6.440400e+01	2.761782e+00	2.761782e+00
3.300000e+02	3.950000e+02	2.195600e+01	9.530258e-01	9.530258e-01
3.950000e+02	4.680000e+02	7.813100e+00	3.487576e-01	3.487576e-01
4.680000e+02	5.480000e+02	2.856500e+00	1.341957e-01	1.341957e-01
5.480000e+02	6.380000e+02	1.076000e+00	5.403755e-02	5.403755e-02
6.380000e+02	7.370000e+02	4.060600e-01	2.223318e-02	2.223318e-02
7.370000e+02	8.460000e+02	1.557300e-01	9.438165e-03	9.438165e-03
8.460000e+02	9.670000e+02	5.818000e-02	3.955196e-03	3.955196e-03
9.670000e+02	1.101000e+03	2.140700e-02	1.654477e-03	1.654477e-03
1.101000e+03	1.248000e+03	7.611300e-03	6.772960e-04	6.772960e-04
1.248000e+03	1.410000e+03	2.565300e-03	2.653674e-04	2.653674e-04
1.410000e+03	1.588000e+03	8.125000e-04	9.902570e-05	9.902570e-05
1.588000e+03	1.784000e+03	2.202300e-04	3.273929e-05	3.273929e-05
1.784000e+03	2.000000e+03	5.505100e-05	1.108755e-05	1.108755e-05
2.000000e+03	2.238000e+03	1.464700e-05	3.883734e-06	3.883734e-06
# END HISTO1D


# BEGIN HISTO1D /suppr800_bornktmin300_100M_ParisParams_posthadron_merged.yoda/CMS_2021_I1972986/d23-x01-y01
LineColor=red
LineStyle=solid
Path=/suppr800_bornktmin300_100M_ParisParams_posthadron_merged.yoda/CMS_2021_I1972986/d23-x01-y01
ScaledBy=1.45849133656146079e-05
Title=PS+MPI+HAD
# xlow	 xhigh	 val	 errminus	 errplus
9.700000e+01	1.330000e+02	1.518051e+01	3.921027e-01	3.921027e-01
1.330000e+02	1.740000e+02	1.138078e+01	3.193239e-01	3.193239e-01
1.740000e+02	2.200000e+02	1.074930e+01	2.985414e-01	2.985414e-01
2.200000e+02	2.720000e+02	1.248918e+01	3.191713e-01	3.191713e-01
2.720000e+02	3.300000e+02	2.409614e+01	4.351862e-01	4.351862e-01
3.300000e+02	3.950000e+02	1.678800e+01	2.780658e-01	2.780658e-01
3.950000e+02	4.680000e+02	6.692684e+00	1.194004e-01	1.194004e-01
4.680000e+02	5.480000e+02	2.599339e+00	5.268800e-02	5.268800e-02
5.480000e+02	6.380000e+02	9.775388e-01	2.201038e-02	2.201038e-02
6.380000e+02	7.370000e+02	3.760137e-01	9.156829e-03	9.156829e-03
7.370000e+02	8.460000e+02	1.377877e-01	4.610447e-03	4.610447e-03
8.460000e+02	9.670000e+02	4.923217e-02	1.880310e-03	1.880310e-03
9.670000e+02	1.101000e+03	1.848428e-02	9.423128e-04	9.423128e-04
1.101000e+03	1.248000e+03	6.649863e-03	4.532261e-04	4.532261e-04
1.248000e+03	1.410000e+03	2.248332e-03	2.230260e-04	2.230260e-04
1.410000e+03	1.588000e+03	6.706921e-04	1.054305e-04	1.054305e-04
1.588000e+03	1.784000e+03	1.805961e-04	4.869934e-05	4.869934e-05
1.784000e+03	2.000000e+03	0.000000e+00	0.000000e+00	0.000000e+00
2.000000e+03	2.238000e+03	2.505210e-05	1.446836e-05	1.446836e-05
# END HISTO1D


# BEGIN HISTO1D /suppr800_bornktmin300_100M_ParisParams_prehadron_merged.yoda/CMS_2021_I1972986/d23-x01-y01
LineColor=blue
LineStyle=solid
Path=/suppr800_bornktmin300_100M_ParisParams_prehadron_merged.yoda/CMS_2021_I1972986/d23-x01-y01
ScaledBy=1.85149183954971710e-06
Title=PS
# xlow	 xhigh	 val	 errminus	 errplus
9.700000e+01	1.330000e+02	1.485073e+01	1.386817e-01	1.386817e-01
1.330000e+02	1.740000e+02	1.164302e+01	1.160592e-01	1.160592e-01
1.740000e+02	2.200000e+02	1.034500e+01	1.046826e-01	1.046826e-01
2.200000e+02	2.720000e+02	1.242864e+01	1.138285e-01	1.138285e-01
2.720000e+02	3.300000e+02	2.503179e+01	1.588047e-01	1.588047e-01
3.300000e+02	3.950000e+02	1.694915e+01	9.879244e-02	9.879244e-02
3.950000e+02	4.680000e+02	6.573973e+00	4.192012e-02	4.192012e-02
4.680000e+02	5.480000e+02	2.519007e+00	1.801724e-02	1.801724e-02
5.480000e+02	6.380000e+02	9.601411e-01	7.952700e-03	7.952700e-03
6.380000e+02	7.370000e+02	3.654319e-01	3.741991e-03	3.741991e-03
7.370000e+02	8.460000e+02	1.404782e-01	1.594134e-03	1.594134e-03
8.460000e+02	9.670000e+02	5.187335e-02	7.311872e-04	7.311872e-04
9.670000e+02	1.101000e+03	1.912586e-02	3.575019e-04	3.575019e-04
1.101000e+03	1.248000e+03	6.581041e-03	1.625315e-04	1.625315e-04
1.248000e+03	1.410000e+03	2.325857e-03	8.097161e-05	8.097161e-05
1.410000e+03	1.588000e+03	7.092253e-04	3.998827e-05	3.998827e-05
1.588000e+03	1.784000e+03	2.072716e-04	1.857280e-05	1.857280e-05
1.784000e+03	2.000000e+03	3.833325e-05	7.127779e-06	7.127779e-06
2.000000e+03	2.238000e+03	1.494756e-05	4.000722e-06	4.000722e-06
# END HISTO1D

