# BEGIN PLOT
LegendOnly=/CMS_2021_I1972986/d21-x01-y01 /suppr800_bornktmin300_100M_ParisParams_posthadron_merged.yoda/CMS_2021_I1972986/d21-x01-y01 /suppr800_bornktmin300_100M_ParisParams_prehadron_merged.yoda/CMS_2021_I1972986/d21-x01-y01
DrawOnly=/CMS_2021_I1972986/d21-x01-y01 /suppr800_bornktmin300_100M_ParisParams_posthadron_merged.yoda/CMS_2021_I1972986/d21-x01-y01 /suppr800_bornktmin300_100M_ParisParams_prehadron_merged.yoda/CMS_2021_I1972986/d21-x01-y01
Title=CMS, $\sqrt(s)$ = 13 TeV, Inclusive AK7 jets, $0.0 < |y| < 0.5$
RatioPlotReference=/CMS_2021_I1972986/d21-x01-y01
RatioPlot=1
LogX=1
LogY=1
RatioPlotYMax=1.4
LegendXPos=0.65
XLabel=$p_{T}$ [GeV]
YLabel=d$^2\sigma$/d$p_{T}$d$y$ [pb/GeV]
LegendYPos=0.95
Legend=1
RatioPlotYMin=0.6
FullRange=1
# END PLOT

# BEGIN HISTO1D /CMS_2021_I1972986/d21-x01-y01
ConnectBins=0
ErrorBars=1
IsRef=1
Path=/CMS_2021_I1972986/d21-x01-y01
PolyMarker=*
Title=Data
# xlow	 xhigh	 val	 errminus	 errplus
9.700000e+01	1.330000e+02	1.473900e+04	7.487453e+02	7.487453e+02
1.330000e+02	1.740000e+02	3.236100e+03	1.419588e+02	1.419588e+02
1.740000e+02	2.200000e+02	8.605300e+02	3.571459e+01	3.571459e+01
2.200000e+02	2.720000e+02	2.574300e+02	1.032110e+01	1.032110e+01
2.720000e+02	3.300000e+02	8.538700e+01	3.318388e+00	3.318388e+00
3.300000e+02	3.950000e+02	2.965500e+01	1.135831e+00	1.135831e+00
3.950000e+02	4.680000e+02	1.099500e+01	4.155528e-01	4.155528e-01
4.680000e+02	5.480000e+02	4.189300e+00	1.578436e-01	1.578436e-01
5.480000e+02	6.380000e+02	1.658000e+00	6.285407e-02	6.285407e-02
6.380000e+02	7.370000e+02	6.663900e-01	2.567876e-02	2.567876e-02
7.370000e+02	8.460000e+02	2.737700e-01	1.083807e-02	1.083807e-02
8.460000e+02	9.670000e+02	1.137100e-01	4.663706e-03	4.663706e-03
9.670000e+02	1.101000e+03	4.685800e-02	2.006821e-03	2.006821e-03
1.101000e+03	1.248000e+03	1.937700e-02	8.757163e-04	8.757163e-04
1.248000e+03	1.410000e+03	7.955900e-03	3.849263e-04	3.849263e-04
1.410000e+03	1.588000e+03	3.274400e-03	1.717812e-04	1.717812e-04
1.588000e+03	1.784000e+03	1.251500e-03	7.276907e-05	7.276907e-05
1.784000e+03	2.000000e+03	4.742700e-04	3.149750e-05	3.149750e-05
2.000000e+03	2.238000e+03	1.815900e-04	1.426657e-05	1.426657e-05
2.238000e+03	2.500000e+03	6.127500e-05	6.279759e-06	6.279759e-06
2.500000e+03	2.787000e+03	1.934800e-05	2.885537e-06	2.885537e-06
2.787000e+03	3.103000e+03	4.600800e-06	1.299444e-06	1.299444e-06
# END HISTO1D


# BEGIN HISTO1D /suppr800_bornktmin300_100M_ParisParams_posthadron_merged.yoda/CMS_2021_I1972986/d21-x01-y01
LineColor=red
LineStyle=solid
Path=/suppr800_bornktmin300_100M_ParisParams_posthadron_merged.yoda/CMS_2021_I1972986/d21-x01-y01
ScaledBy=1.45849133656146079e-05
Title=PS+MPI+HAD
# xlow	 xhigh	 val	 errminus	 errplus
9.700000e+01	1.330000e+02	2.013771e+01	4.502137e-01	4.502137e-01
1.330000e+02	1.740000e+02	1.618293e+01	3.812883e-01	3.812883e-01
1.740000e+02	2.200000e+02	1.474990e+01	3.522329e-01	3.522329e-01
2.200000e+02	2.720000e+02	1.682923e+01	3.676095e-01	3.676095e-01
2.720000e+02	3.300000e+02	3.361800e+01	5.127319e-01	5.127319e-01
3.300000e+02	3.950000e+02	2.342917e+01	3.280408e-01	3.280408e-01
3.950000e+02	4.680000e+02	9.557979e+00	1.414672e-01	1.414672e-01
4.680000e+02	5.480000e+02	3.655934e+00	6.076314e-02	6.076314e-02
5.480000e+02	6.380000e+02	1.449601e+00	2.785142e-02	2.785142e-02
6.380000e+02	7.370000e+02	5.895987e-01	1.290944e-02	1.290944e-02
7.370000e+02	8.460000e+02	2.327555e-01	5.867408e-03	5.867408e-03
8.460000e+02	9.670000e+02	9.629686e-02	2.727067e-03	2.727067e-03
9.670000e+02	1.101000e+03	4.095970e-02	1.364490e-03	1.364490e-03
1.101000e+03	1.248000e+03	1.517197e-02	6.930404e-04	6.930404e-04
1.248000e+03	1.410000e+03	6.351722e-03	3.971366e-04	3.971366e-04
1.410000e+03	1.588000e+03	2.481184e-03	2.028822e-04	2.028822e-04
1.588000e+03	1.784000e+03	9.186480e-04	1.105661e-04	1.105661e-04
1.784000e+03	2.000000e+03	5.756630e-04	8.075266e-05	8.075266e-05
2.000000e+03	2.238000e+03	1.115775e-04	3.096555e-05	3.096555e-05
2.238000e+03	2.500000e+03	6.349569e-05	2.116900e-05	2.116900e-05
2.500000e+03	2.787000e+03	1.819155e-05	1.050408e-05	1.050408e-05
2.787000e+03	3.103000e+03	1.043597e-05	7.379343e-06	7.379343e-06
# END HISTO1D


# BEGIN HISTO1D /suppr800_bornktmin300_100M_ParisParams_prehadron_merged.yoda/CMS_2021_I1972986/d21-x01-y01
LineColor=blue
LineStyle=solid
Path=/suppr800_bornktmin300_100M_ParisParams_prehadron_merged.yoda/CMS_2021_I1972986/d21-x01-y01
ScaledBy=1.85149183954971710e-06
Title=PS
# xlow	 xhigh	 val	 errminus	 errplus
9.700000e+01	1.330000e+02	1.981021e+01	1.598920e-01	1.598920e-01
1.330000e+02	1.740000e+02	1.603493e+01	1.358825e-01	1.358825e-01
1.740000e+02	2.200000e+02	1.464016e+01	1.241788e-01	1.241788e-01
2.200000e+02	2.720000e+02	1.707476e+01	1.320558e-01	1.320558e-01
2.720000e+02	3.300000e+02	3.420003e+01	1.844456e-01	1.844456e-01
3.300000e+02	3.950000e+02	2.306055e+01	1.141954e-01	1.141954e-01
3.950000e+02	4.680000e+02	9.360512e+00	4.996011e-02	4.996011e-02
4.680000e+02	5.480000e+02	3.699449e+00	2.205989e-02	2.205989e-02
5.480000e+02	6.380000e+02	1.463552e+00	9.911450e-03	9.911450e-03
6.380000e+02	7.370000e+02	5.902561e-01	4.511519e-03	4.511519e-03
7.370000e+02	8.460000e+02	2.407362e-01	2.237779e-03	2.237779e-03
8.460000e+02	9.670000e+02	9.894736e-02	1.052660e-03	1.052660e-03
9.670000e+02	1.101000e+03	4.016816e-02	5.553197e-04	5.553197e-04
1.101000e+03	1.248000e+03	1.577743e-02	2.821559e-04	2.821559e-04
1.248000e+03	1.410000e+03	6.365691e-03	1.347251e-04	1.347251e-04
1.410000e+03	1.588000e+03	2.465159e-03	7.252946e-05	7.252946e-05
1.588000e+03	1.784000e+03	1.023592e-03	4.121022e-05	4.121022e-05
1.784000e+03	2.000000e+03	3.634447e-04	2.331215e-05	2.331215e-05
2.000000e+03	2.238000e+03	1.366132e-04	1.213858e-05	1.213858e-05
2.238000e+03	2.500000e+03	4.658714e-05	8.941127e-06	8.941127e-06
2.500000e+03	2.787000e+03	1.389529e-05	3.277125e-06	3.277125e-06
2.787000e+03	3.103000e+03	3.334579e-06	1.491952e-06	1.491952e-06
# END HISTO1D

