# BEGIN PLOT
LegendOnly=/CMS_2021_I1972986/d21-x01-y01 /Monash_HardQCD_1B_posthadron_merged.yoda/CMS_2021_I1972986/d21-x01-y01 /Monash_HardQCD_1B_prehadron_merged.yoda/CMS_2021_I1972986/d21-x01-y01
DrawOnly=/CMS_2021_I1972986/d21-x01-y01 /Monash_HardQCD_1B_posthadron_merged.yoda/CMS_2021_I1972986/d21-x01-y01 /Monash_HardQCD_1B_prehadron_merged.yoda/CMS_2021_I1972986/d21-x01-y01
Title=CMS, $\sqrt(s)$ = 13 TeV, Inclusive AK7 jets, $0.0 < |y| < 0.5$
RatioPlotReference=/CMS_2021_I1972986/d21-x01-y01
RatioPlot=1
LogX=1
LogY=1
RatioPlotYMax=1.4
LegendXPos=0.65
XLabel=$p_{T}$ [GeV]
YLabel=d$^2\sigma$/d$p_{T}$d$y$ [pb/GeV]
LegendYPos=0.95
Legend=1
RatioPlotYMin=0.6
FullRange=1
# END PLOT

# BEGIN HISTO1D /CMS_2021_I1972986/d21-x01-y01
ConnectBins=0
ErrorBars=1
IsRef=1
Path=/CMS_2021_I1972986/d21-x01-y01
PolyMarker=*
Title=Data
# xlow	 xhigh	 val	 errminus	 errplus
9.700000e+01	1.330000e+02	1.473900e+04	7.487453e+02	7.487453e+02
1.330000e+02	1.740000e+02	3.236100e+03	1.419588e+02	1.419588e+02
1.740000e+02	2.200000e+02	8.605300e+02	3.571459e+01	3.571459e+01
2.200000e+02	2.720000e+02	2.574300e+02	1.032110e+01	1.032110e+01
2.720000e+02	3.300000e+02	8.538700e+01	3.318388e+00	3.318388e+00
3.300000e+02	3.950000e+02	2.965500e+01	1.135831e+00	1.135831e+00
3.950000e+02	4.680000e+02	1.099500e+01	4.155528e-01	4.155528e-01
4.680000e+02	5.480000e+02	4.189300e+00	1.578436e-01	1.578436e-01
5.480000e+02	6.380000e+02	1.658000e+00	6.285407e-02	6.285407e-02
6.380000e+02	7.370000e+02	6.663900e-01	2.567876e-02	2.567876e-02
7.370000e+02	8.460000e+02	2.737700e-01	1.083807e-02	1.083807e-02
8.460000e+02	9.670000e+02	1.137100e-01	4.663706e-03	4.663706e-03
9.670000e+02	1.101000e+03	4.685800e-02	2.006821e-03	2.006821e-03
1.101000e+03	1.248000e+03	1.937700e-02	8.757163e-04	8.757163e-04
1.248000e+03	1.410000e+03	7.955900e-03	3.849263e-04	3.849263e-04
1.410000e+03	1.588000e+03	3.274400e-03	1.717812e-04	1.717812e-04
1.588000e+03	1.784000e+03	1.251500e-03	7.276907e-05	7.276907e-05
1.784000e+03	2.000000e+03	4.742700e-04	3.149750e-05	3.149750e-05
2.000000e+03	2.238000e+03	1.815900e-04	1.426657e-05	1.426657e-05
2.238000e+03	2.500000e+03	6.127500e-05	6.279759e-06	6.279759e-06
2.500000e+03	2.787000e+03	1.934800e-05	2.885537e-06	2.885537e-06
2.787000e+03	3.103000e+03	4.600800e-06	1.299444e-06	1.299444e-06
# END HISTO1D


# BEGIN HISTO1D /Monash_HardQCD_1B_posthadron_merged.yoda/CMS_2021_I1972986/d21-x01-y01
ErrorBars=1
LineColor=red
LineStyle=solid
Path=/Monash_HardQCD_1B_posthadron_merged.yoda/CMS_2021_I1972986/d21-x01-y01
ScaledBy=2.18457948687790940e+06
Title=PS+HAD+MPI
# xlow	 xhigh	 val	 errminus	 errplus
9.700000e+01	1.330000e+02	2.915669e+04	5.284587e+02	5.284587e+02
1.330000e+02	1.740000e+02	3.177998e+03	8.555801e+01	8.555801e+01
1.740000e+02	2.200000e+02	1.501827e+03	3.505247e+01	3.505247e+01
2.200000e+02	2.720000e+02	3.206342e+02	6.141728e+00	6.141728e+00
2.720000e+02	3.300000e+02	8.400748e+01	2.245323e+00	2.245323e+00
3.300000e+02	3.950000e+02	1.092537e+01	5.148459e-01	5.148459e-01
3.950000e+02	4.680000e+02	1.462729e+01	4.561181e-01	4.561181e-01
4.680000e+02	5.480000e+02	1.432476e+00	1.241293e-01	1.241293e-01
5.480000e+02	6.380000e+02	1.585850e-01	1.435762e-02	1.435762e-02
6.380000e+02	7.370000e+02	8.201586e-01	2.894555e-02	2.894555e-02
7.370000e+02	8.460000e+02	0.000000e+00	0.000000e+00	0.000000e+00
8.460000e+02	9.670000e+02	0.000000e+00	0.000000e+00	0.000000e+00
9.670000e+02	1.101000e+03	1.482037e-02	1.376036e-03	1.376036e-03
1.101000e+03	1.248000e+03	0.000000e+00	0.000000e+00	0.000000e+00
1.248000e+03	1.410000e+03	0.000000e+00	0.000000e+00	0.000000e+00
1.410000e+03	1.588000e+03	2.654117e-02	7.687444e-04	7.687444e-04
1.588000e+03	1.784000e+03	9.253893e-05	3.777887e-05	3.777887e-05
1.784000e+03	2.000000e+03	0.000000e+00	0.000000e+00	0.000000e+00
2.000000e+03	2.238000e+03	0.000000e+00	0.000000e+00	0.000000e+00
2.238000e+03	2.500000e+03	0.000000e+00	0.000000e+00	0.000000e+00
2.500000e+03	2.787000e+03	0.000000e+00	0.000000e+00	0.000000e+00
2.787000e+03	3.103000e+03	0.000000e+00	0.000000e+00	0.000000e+00
# END HISTO1D


# BEGIN HISTO1D /Monash_HardQCD_1B_prehadron_merged.yoda/CMS_2021_I1972986/d21-x01-y01
ErrorBars=1
LineColor=blue
LineStyle=solid
Path=/Monash_HardQCD_1B_prehadron_merged.yoda/CMS_2021_I1972986/d21-x01-y01
ScaledBy=1.02112290946848283e+05
Title=PS
# xlow	 xhigh	 val	 errminus	 errplus
9.700000e+01	1.330000e+02	1.424872e+04	1.017563e+02	1.017563e+02
1.330000e+02	1.740000e+02	1.906997e+03	1.228256e+01	1.228256e+01
1.740000e+02	2.200000e+02	8.767133e+02	8.823691e+00	8.823691e+00
2.200000e+02	2.720000e+02	2.595317e+02	2.171201e+00	2.171201e+00
2.720000e+02	3.300000e+02	8.229936e+01	4.985140e-01	4.985140e-01
3.300000e+02	3.950000e+02	4.889249e+01	4.086624e-01	4.086624e-01
3.950000e+02	4.680000e+02	1.060311e+01	8.661670e-02	8.661670e-02
4.680000e+02	5.480000e+02	3.373800e+00	2.977159e-02	2.977159e-02
5.480000e+02	6.380000e+02	1.537892e+00	1.335408e-02	1.335408e-02
6.380000e+02	7.370000e+02	5.213944e-01	9.547614e-03	9.547614e-03
7.370000e+02	8.460000e+02	3.014017e-01	3.146048e-03	3.146048e-03
8.460000e+02	9.670000e+02	1.518179e-01	1.680131e-03	1.680131e-03
9.670000e+02	1.101000e+03	7.180942e-02	9.124272e-04	9.124272e-04
1.101000e+03	1.248000e+03	1.994305e-02	2.792692e-04	2.792692e-04
1.248000e+03	1.410000e+03	9.637056e-03	1.685955e-04	1.685955e-04
1.410000e+03	1.588000e+03	6.372831e-03	9.355625e-05	9.355625e-05
1.588000e+03	1.784000e+03	4.551631e-04	1.691600e-05	1.691600e-05
1.784000e+03	2.000000e+03	6.304796e-04	1.405817e-05	1.405817e-05
2.000000e+03	2.238000e+03	1.983458e-06	7.012584e-07	7.012584e-07
2.238000e+03	2.500000e+03	2.551624e-06	5.441610e-07	5.441610e-07
2.500000e+03	2.787000e+03	0.000000e+00	0.000000e+00	0.000000e+00
2.787000e+03	3.103000e+03	4.023373e-06	3.907846e-07	3.907846e-07
# END HISTO1D

