# BEGIN PLOT
LegendOnly=/CMS_2021_I1972986/d21-x01-y01 /suppr160_bornktmin5_1B_ParsiParams_MSTP_posthadron_merged.yoda/CMS_2021_I1972986/d21-x01-y01 /suppr160_bornktmin5_1B_ParsiParams_MSTP_prehadron_merged.yoda/CMS_2021_I1972986/d21-x01-y01
DrawOnly=/CMS_2021_I1972986/d21-x01-y01 /suppr160_bornktmin5_1B_ParsiParams_MSTP_posthadron_merged.yoda/CMS_2021_I1972986/d21-x01-y01 /suppr160_bornktmin5_1B_ParsiParams_MSTP_prehadron_merged.yoda/CMS_2021_I1972986/d21-x01-y01
Title=CMS, $\sqrt(s)$ = 13 TeV, Inclusive AK7 jets, $0.0 < |y| < 0.5$
RatioPlotReference=/CMS_2021_I1972986/d21-x01-y01
RatioPlot=1
LogX=1
LogY=1
RatioPlotYMax=1.4
LegendXPos=0.65
XLabel=$p_{T}$ [GeV]
YLabel=d$^2\sigma$/d$p_{T}$d$y$ [pb/GeV]
LegendYPos=0.95
Legend=1
RatioPlotYMin=0.6
FullRange=1
# END PLOT

# BEGIN HISTO1D /CMS_2021_I1972986/d21-x01-y01
ConnectBins=0
ErrorBars=1
IsRef=1
Path=/CMS_2021_I1972986/d21-x01-y01
PolyMarker=*
Title=Data
# xlow	 xhigh	 val	 errminus	 errplus
9.700000e+01	1.330000e+02	1.473900e+04	7.487453e+02	7.487453e+02
1.330000e+02	1.740000e+02	3.236100e+03	1.419588e+02	1.419588e+02
1.740000e+02	2.200000e+02	8.605300e+02	3.571459e+01	3.571459e+01
2.200000e+02	2.720000e+02	2.574300e+02	1.032110e+01	1.032110e+01
2.720000e+02	3.300000e+02	8.538700e+01	3.318388e+00	3.318388e+00
3.300000e+02	3.950000e+02	2.965500e+01	1.135831e+00	1.135831e+00
3.950000e+02	4.680000e+02	1.099500e+01	4.155528e-01	4.155528e-01
4.680000e+02	5.480000e+02	4.189300e+00	1.578436e-01	1.578436e-01
5.480000e+02	6.380000e+02	1.658000e+00	6.285407e-02	6.285407e-02
6.380000e+02	7.370000e+02	6.663900e-01	2.567876e-02	2.567876e-02
7.370000e+02	8.460000e+02	2.737700e-01	1.083807e-02	1.083807e-02
8.460000e+02	9.670000e+02	1.137100e-01	4.663706e-03	4.663706e-03
9.670000e+02	1.101000e+03	4.685800e-02	2.006821e-03	2.006821e-03
1.101000e+03	1.248000e+03	1.937700e-02	8.757163e-04	8.757163e-04
1.248000e+03	1.410000e+03	7.955900e-03	3.849263e-04	3.849263e-04
1.410000e+03	1.588000e+03	3.274400e-03	1.717812e-04	1.717812e-04
1.588000e+03	1.784000e+03	1.251500e-03	7.276907e-05	7.276907e-05
1.784000e+03	2.000000e+03	4.742700e-04	3.149750e-05	3.149750e-05
2.000000e+03	2.238000e+03	1.815900e-04	1.426657e-05	1.426657e-05
2.238000e+03	2.500000e+03	6.127500e-05	6.279759e-06	6.279759e-06
2.500000e+03	2.787000e+03	1.934800e-05	2.885537e-06	2.885537e-06
2.787000e+03	3.103000e+03	4.600800e-06	1.299444e-06	1.299444e-06
# END HISTO1D


# BEGIN HISTO1D /suppr160_bornktmin5_1B_ParsiParams_MSTP_posthadron_merged.yoda/CMS_2021_I1972986/d21-x01-y01
ErrorBars=1
LineColor=red
LineStyle=solid
Path=/suppr160_bornktmin5_1B_ParsiParams_MSTP_posthadron_merged.yoda/CMS_2021_I1972986/d21-x01-y01
ScaledBy=2.46296925721773124e-06
Title=PS+MPI+HAD
# xlow	 xhigh	 val	 errminus	 errplus
9.700000e+01	1.330000e+02	1.555361e+04	2.368999e+02	2.368999e+02
1.330000e+02	1.740000e+02	3.380771e+03	5.546626e+01	5.546626e+01
1.740000e+02	2.200000e+02	1.207099e+03	3.045434e+02	3.045434e+02
2.200000e+02	2.720000e+02	2.604458e+02	3.944948e+00	3.944948e+00
2.720000e+02	3.300000e+02	8.456505e+01	1.692865e+00	1.692865e+00
3.300000e+02	3.950000e+02	2.995703e+01	1.347639e+00	1.347639e+00
3.950000e+02	4.680000e+02	1.136799e+01	5.820127e-01	5.820127e-01
4.680000e+02	5.480000e+02	4.500977e+00	8.724704e-01	8.724704e-01
5.480000e+02	6.380000e+02	1.544467e+00	1.097700e-01	1.097700e-01
6.380000e+02	7.370000e+02	5.525632e-01	6.039220e-02	6.039220e-02
7.370000e+02	8.460000e+02	2.521569e-01	4.271995e-02	4.271995e-02
8.460000e+02	9.670000e+02	9.915587e-02	2.217356e-02	2.217356e-02
9.670000e+02	1.101000e+03	1.319613e-02	7.621625e-03	7.621625e-03
1.101000e+03	1.248000e+03	4.312282e-02	1.300250e-02	1.300250e-02
1.248000e+03	1.410000e+03	3.533220e-03	3.533221e-03	3.533221e-03
1.410000e+03	1.588000e+03	3.168333e-03	3.168333e-03	3.168333e-03
1.588000e+03	1.784000e+03	0.000000e+00	0.000000e+00	0.000000e+00
1.784000e+03	2.000000e+03	0.000000e+00	0.000000e+00	0.000000e+00
2.000000e+03	2.238000e+03	0.000000e+00	0.000000e+00	0.000000e+00
2.238000e+03	2.500000e+03	0.000000e+00	0.000000e+00	0.000000e+00
2.500000e+03	2.787000e+03	0.000000e+00	0.000000e+00	0.000000e+00
2.787000e+03	3.103000e+03	0.000000e+00	0.000000e+00	0.000000e+00
# END HISTO1D


# BEGIN HISTO1D /suppr160_bornktmin5_1B_ParsiParams_MSTP_prehadron_merged.yoda/CMS_2021_I1972986/d21-x01-y01
ErrorBars=1
LineColor=blue
LineStyle=solid
Path=/suppr160_bornktmin5_1B_ParsiParams_MSTP_prehadron_merged.yoda/CMS_2021_I1972986/d21-x01-y01
ScaledBy=2.06431710222725393e-07
Title=PS
# xlow	 xhigh	 val	 errminus	 errplus
9.700000e+01	1.330000e+02	1.526591e+04	6.030628e+02	6.030628e+02
1.330000e+02	1.740000e+02	3.258744e+03	3.333577e+01	3.333577e+01
1.740000e+02	2.200000e+02	8.940461e+02	2.516612e+01	2.516612e+01
2.200000e+02	2.720000e+02	2.584856e+02	3.793821e+00	3.793821e+00
2.720000e+02	3.300000e+02	8.482943e+01	1.762957e+00	1.762957e+00
3.300000e+02	3.950000e+02	2.905262e+01	3.233836e-01	3.233836e-01
3.950000e+02	4.680000e+02	1.177383e+01	1.034767e+00	1.034767e+00
4.680000e+02	5.480000e+02	4.004545e+00	7.200535e-02	7.200535e-02
5.480000e+02	6.380000e+02	1.557896e+00	3.348870e-02	3.348870e-02
6.380000e+02	7.370000e+02	6.368145e-01	2.100668e-02	2.100668e-02
7.370000e+02	8.460000e+02	2.610896e-01	1.520792e-02	1.520792e-02
8.460000e+02	9.670000e+02	9.746727e-02	6.678256e-03	6.678256e-03
9.670000e+02	1.101000e+03	4.574944e-02	4.139641e-03	4.139641e-03
1.101000e+03	1.248000e+03	1.369788e-02	2.140433e-03	2.140433e-03
1.248000e+03	1.410000e+03	6.133033e-03	1.386049e-03	1.386049e-03
1.410000e+03	1.588000e+03	2.132036e-03	7.537932e-04	7.537932e-04
1.588000e+03	1.784000e+03	1.204146e-03	5.385206e-04	5.385206e-04
1.784000e+03	2.000000e+03	4.361749e-04	3.084267e-04	3.084267e-04
2.000000e+03	2.238000e+03	3.911568e-04	2.765897e-04	2.765897e-04
2.238000e+03	2.500000e+03	0.000000e+00	0.000000e+00	0.000000e+00
2.500000e+03	2.787000e+03	0.000000e+00	0.000000e+00	0.000000e+00
2.787000e+03	3.103000e+03	0.000000e+00	0.000000e+00	0.000000e+00
# END HISTO1D

