# BEGIN PLOT
LegendOnly=/CMS_2021_I1972986/d23-x01-y01 /suppr800_bornktmin600_100M_posthadron_merged.yoda/CMS_2021_I1972986/d23-x01-y01 /suppr800_bornktmin600_100M_prehadron_merged.yoda/CMS_2021_I1972986/d23-x01-y01
DrawOnly=/CMS_2021_I1972986/d23-x01-y01 /suppr800_bornktmin600_100M_posthadron_merged.yoda/CMS_2021_I1972986/d23-x01-y01 /suppr800_bornktmin600_100M_prehadron_merged.yoda/CMS_2021_I1972986/d23-x01-y01
Title=CMS, $\sqrt(s)$ = 13 TeV, Inclusive AK7 jets, $1.0 < |y| < 1.5$
RatioPlotReference=/CMS_2021_I1972986/d23-x01-y01
RatioPlot=1
LogX=1
LogY=1
RatioPlotYMax=1.4
LegendXPos=0.65
XLabel=$p_{T}$ [GeV]
YLabel=d$^2\sigma$/d$p_{T}$d$y$ [pb/GeV]
LegendYPos=0.95
Legend=1
RatioPlotYMin=0.6
FullRange=1
# END PLOT

# BEGIN HISTO1D /CMS_2021_I1972986/d23-x01-y01
ConnectBins=0
ErrorBars=1
IsRef=1
Path=/CMS_2021_I1972986/d23-x01-y01
PolyMarker=*
Title=Data
# xlow	 xhigh	 val	 errminus	 errplus
9.700000e+01	1.330000e+02	1.233000e+04	7.341257e+02	7.341257e+02
1.330000e+02	1.740000e+02	2.636100e+03	1.289461e+02	1.289461e+02
1.740000e+02	2.200000e+02	6.942100e+02	3.130901e+01	3.130901e+01
2.200000e+02	2.720000e+02	2.031500e+02	8.814384e+00	8.814384e+00
2.720000e+02	3.300000e+02	6.440400e+01	2.761782e+00	2.761782e+00
3.300000e+02	3.950000e+02	2.195600e+01	9.530258e-01	9.530258e-01
3.950000e+02	4.680000e+02	7.813100e+00	3.487576e-01	3.487576e-01
4.680000e+02	5.480000e+02	2.856500e+00	1.341957e-01	1.341957e-01
5.480000e+02	6.380000e+02	1.076000e+00	5.403755e-02	5.403755e-02
6.380000e+02	7.370000e+02	4.060600e-01	2.223318e-02	2.223318e-02
7.370000e+02	8.460000e+02	1.557300e-01	9.438165e-03	9.438165e-03
8.460000e+02	9.670000e+02	5.818000e-02	3.955196e-03	3.955196e-03
9.670000e+02	1.101000e+03	2.140700e-02	1.654477e-03	1.654477e-03
1.101000e+03	1.248000e+03	7.611300e-03	6.772960e-04	6.772960e-04
1.248000e+03	1.410000e+03	2.565300e-03	2.653674e-04	2.653674e-04
1.410000e+03	1.588000e+03	8.125000e-04	9.902570e-05	9.902570e-05
1.588000e+03	1.784000e+03	2.202300e-04	3.273929e-05	3.273929e-05
1.784000e+03	2.000000e+03	5.505100e-05	1.108755e-05	1.108755e-05
2.000000e+03	2.238000e+03	1.464700e-05	3.883734e-06	3.883734e-06
# END HISTO1D


# BEGIN HISTO1D /suppr800_bornktmin600_100M_posthadron_merged.yoda/CMS_2021_I1972986/d23-x01-y01
ErrorBars=1
LineColor=red
LineStyle=solid
Path=/suppr800_bornktmin600_100M_posthadron_merged.yoda/CMS_2021_I1972986/d23-x01-y01
ScaledBy=8.78263848025223818e-06
Title=PS+MPI+HAD
# xlow	 xhigh	 val	 errminus	 errplus
9.700000e+01	1.330000e+02	3.324028e-01	5.316015e-03	5.316015e-03
1.330000e+02	1.740000e+02	2.316108e-01	4.163060e-03	4.163060e-03
1.740000e+02	2.200000e+02	1.775301e-01	3.478623e-03	3.478623e-03
2.200000e+02	2.720000e+02	1.437108e-01	2.934288e-03	2.934288e-03
2.720000e+02	3.300000e+02	1.215387e-01	2.554378e-03	2.554378e-03
3.300000e+02	3.950000e+02	1.106998e-01	2.319930e-03	2.319930e-03
3.950000e+02	4.680000e+02	1.141195e-01	2.261763e-03	2.261763e-03
4.680000e+02	5.480000e+02	1.506838e-01	2.550590e-03	2.550590e-03
5.480000e+02	6.380000e+02	3.703497e-01	3.930019e-03	3.930019e-03
6.380000e+02	7.370000e+02	3.083028e-01	3.031599e-03	3.031599e-03
7.370000e+02	8.460000e+02	1.295500e-01	1.547887e-03	1.547887e-03
8.460000e+02	9.670000e+02	5.011637e-02	7.632789e-04	7.632789e-04
9.670000e+02	1.101000e+03	1.816966e-02	3.686579e-04	3.686579e-04
1.101000e+03	1.248000e+03	6.639867e-03	1.848959e-04	1.848959e-04
1.248000e+03	1.410000e+03	2.145994e-03	9.113411e-05	9.113411e-05
1.410000e+03	1.588000e+03	6.956365e-04	4.863484e-05	4.863484e-05
1.588000e+03	1.784000e+03	2.197038e-04	2.194246e-05	2.194246e-05
1.784000e+03	2.000000e+03	5.591444e-05	9.891369e-06	9.891369e-06
2.000000e+03	2.238000e+03	1.433494e-05	4.535556e-06	4.535556e-06
# END HISTO1D


# BEGIN HISTO1D /suppr800_bornktmin600_100M_prehadron_merged.yoda/CMS_2021_I1972986/d23-x01-y01
ErrorBars=1
LineColor=blue
LineStyle=solid
Path=/suppr800_bornktmin600_100M_prehadron_merged.yoda/CMS_2021_I1972986/d23-x01-y01
ScaledBy=1.46706512155368056e-06
Title=PS
# xlow	 xhigh	 val	 errminus	 errplus
9.700000e+01	1.330000e+02	3.290614e-01	2.160902e-03	2.160902e-03
1.330000e+02	1.740000e+02	2.336880e-01	1.711232e-03	1.711232e-03
1.740000e+02	2.200000e+02	1.773159e-01	1.409304e-03	1.409304e-03
2.200000e+02	2.720000e+02	1.462298e-01	1.208315e-03	1.208315e-03
2.720000e+02	3.300000e+02	1.260171e-01	1.067416e-03	1.067416e-03
3.300000e+02	3.950000e+02	1.124633e-01	9.589548e-04	9.589548e-04
3.950000e+02	4.680000e+02	1.135829e-01	9.204431e-04	9.204431e-04
4.680000e+02	5.480000e+02	1.523438e-01	1.051833e-03	1.051833e-03
5.480000e+02	6.380000e+02	3.814244e-01	1.631224e-03	1.631224e-03
6.380000e+02	7.370000e+02	3.090551e-01	1.236197e-03	1.236197e-03
7.370000e+02	8.460000e+02	1.307492e-01	6.341795e-04	6.341795e-04
8.460000e+02	9.670000e+02	4.971626e-02	3.106953e-04	3.106953e-04
9.670000e+02	1.101000e+03	1.842085e-02	1.539243e-04	1.539243e-04
1.101000e+03	1.248000e+03	6.518679e-03	7.598451e-05	7.598451e-05
1.248000e+03	1.410000e+03	2.167569e-03	3.744507e-05	3.744507e-05
1.410000e+03	1.588000e+03	6.808736e-04	1.842241e-05	1.842241e-05
1.588000e+03	1.784000e+03	1.953439e-04	8.454322e-06	8.454322e-06
1.784000e+03	2.000000e+03	4.581248e-05	3.697495e-06	3.697495e-06
2.000000e+03	2.238000e+03	1.251910e-05	1.776840e-06	1.776840e-06
# END HISTO1D

