# BEGIN PLOT
LegendOnly=/CMS_2021_I1972986/d23-x01-y01 /Nov_26_all_merged_prehadron.yoda/CMS_2021_I1972986/d23-x01-y01 /Nov_26_all_merged_posthadron.yoda/CMS_2021_I1972986/d23-x01-y01
DrawOnly=/CMS_2021_I1972986/d23-x01-y01 /Nov_26_all_merged_prehadron.yoda/CMS_2021_I1972986/d23-x01-y01 /Nov_26_all_merged_posthadron.yoda/CMS_2021_I1972986/d23-x01-y01
Title=CMS, $\sqrt(s)$ = 13 TeV, Inclusive AK7 jets, $1.0 < |y| < 1.5$
RatioPlotReference=/CMS_2021_I1972986/d23-x01-y01
RatioPlot=1
LogX=1
LogY=1
RatioPlotYMax=1.4
LegendXPos=0.65
XLabel=$p_{T}$ [GeV]
YLabel=d$^2\sigma$/d$p_{T}$d$y$ [pb/GeV]
LegendYPos=0.95
Legend=1
RatioPlotYMin=0.6
FullRange=1
# END PLOT

# BEGIN HISTO1D /CMS_2021_I1972986/d23-x01-y01
ConnectBins=0
ErrorBars=1
IsRef=1
Path=/CMS_2021_I1972986/d23-x01-y01
PolyMarker=*
Title=Data
# xlow	 xhigh	 val	 errminus	 errplus
9.700000e+01	1.330000e+02	1.233000e+04	7.341257e+02	7.341257e+02
1.330000e+02	1.740000e+02	2.636100e+03	1.289461e+02	1.289461e+02
1.740000e+02	2.200000e+02	6.942100e+02	3.130901e+01	3.130901e+01
2.200000e+02	2.720000e+02	2.031500e+02	8.814384e+00	8.814384e+00
2.720000e+02	3.300000e+02	6.440400e+01	2.761782e+00	2.761782e+00
3.300000e+02	3.950000e+02	2.195600e+01	9.530258e-01	9.530258e-01
3.950000e+02	4.680000e+02	7.813100e+00	3.487576e-01	3.487576e-01
4.680000e+02	5.480000e+02	2.856500e+00	1.341957e-01	1.341957e-01
5.480000e+02	6.380000e+02	1.076000e+00	5.403755e-02	5.403755e-02
6.380000e+02	7.370000e+02	4.060600e-01	2.223318e-02	2.223318e-02
7.370000e+02	8.460000e+02	1.557300e-01	9.438165e-03	9.438165e-03
8.460000e+02	9.670000e+02	5.818000e-02	3.955196e-03	3.955196e-03
9.670000e+02	1.101000e+03	2.140700e-02	1.654477e-03	1.654477e-03
1.101000e+03	1.248000e+03	7.611300e-03	6.772960e-04	6.772960e-04
1.248000e+03	1.410000e+03	2.565300e-03	2.653674e-04	2.653674e-04
1.410000e+03	1.588000e+03	8.125000e-04	9.902570e-05	9.902570e-05
1.588000e+03	1.784000e+03	2.202300e-04	3.273929e-05	3.273929e-05
1.784000e+03	2.000000e+03	5.505100e-05	1.108755e-05	1.108755e-05
2.000000e+03	2.238000e+03	1.464700e-05	3.883734e-06	3.883734e-06
# END HISTO1D


# BEGIN HISTO1D /Nov_26_all_merged_prehadron.yoda/CMS_2021_I1972986/d23-x01-y01
ErrorBars=1
LineColor=red
LineStyle=solid
Path=/Nov_26_all_merged_prehadron.yoda/CMS_2021_I1972986/d23-x01-y01
ScaledBy=7.01976785586772962e+02
Title=PS
# xlow	 xhigh	 val	 errminus	 errplus
9.700000e+01	1.330000e+02	1.338309e+04	1.160513e+01	1.160513e+01
1.330000e+02	1.740000e+02	2.904171e+03	2.441848e+00	2.441848e+00
1.740000e+02	2.200000e+02	7.614646e+02	6.412785e-01	6.412785e-01
2.200000e+02	2.720000e+02	2.251500e+02	1.890875e-01	1.890875e-01
2.720000e+02	3.300000e+02	7.242541e+01	6.204149e-02	6.204149e-02
3.300000e+02	3.950000e+02	2.477609e+01	2.189053e-02	2.189053e-02
3.950000e+02	4.680000e+02	8.849299e+00	8.029944e-03	8.029944e-03
4.680000e+02	5.480000e+02	3.267862e+00	3.163513e-03	3.163513e-03
5.480000e+02	6.380000e+02	1.223972e+00	1.240296e-03	1.240296e-03
6.380000e+02	7.370000e+02	4.632778e-01	5.005954e-04	5.005954e-04
7.370000e+02	8.460000e+02	1.758285e-01	2.138480e-04	2.138480e-04
8.460000e+02	9.670000e+02	6.547072e-02	8.560647e-05	8.560647e-05
9.670000e+02	1.101000e+03	2.389180e-02	3.584879e-05	3.584879e-05
1.101000e+03	1.248000e+03	8.480830e-03	1.503236e-05	1.503236e-05
1.248000e+03	1.410000e+03	2.861930e-03	6.151236e-06	6.151236e-06
1.410000e+03	1.588000e+03	9.113545e-04	2.468673e-06	2.468673e-06
1.588000e+03	1.784000e+03	2.613971e-04	9.239117e-07	9.239117e-07
1.784000e+03	2.000000e+03	7.000037e-05	3.553215e-07	3.553215e-07
2.000000e+03	2.238000e+03	1.573713e-05	1.220333e-07	1.220333e-07
# END HISTO1D


# BEGIN HISTO1D /Nov_26_all_merged_posthadron.yoda/CMS_2021_I1972986/d23-x01-y01
ErrorBars=1
LineColor=blue
LineStyle=solid
Path=/Nov_26_all_merged_posthadron.yoda/CMS_2021_I1972986/d23-x01-y01
ScaledBy=4.60337615825491321e+03
Title=PS+HAD+MPI
# xlow	 xhigh	 val	 errminus	 errplus
9.700000e+01	1.330000e+02	1.538042e+04	3.548266e+01	3.548266e+01
1.330000e+02	1.740000e+02	3.215902e+03	7.232534e+00	7.232534e+00
1.740000e+02	2.200000e+02	8.055567e+02	1.736261e+00	1.736261e+00
2.200000e+02	2.720000e+02	2.358563e+02	5.162394e-01	5.162394e-01
2.720000e+02	3.300000e+02	7.418347e+01	1.645302e-01	1.645302e-01
3.300000e+02	3.950000e+02	2.522435e+01	5.620295e-02	5.620295e-02
3.950000e+02	4.680000e+02	8.900081e+00	2.096838e-02	2.096838e-02
4.680000e+02	5.480000e+02	3.326255e+00	8.240192e-03	8.240192e-03
5.480000e+02	6.380000e+02	1.239850e+00	3.206976e-03	3.206976e-03
6.380000e+02	7.370000e+02	4.712669e-01	1.338795e-03	1.338795e-03
7.370000e+02	8.460000e+02	1.746211e-01	5.289590e-04	5.289590e-04
8.460000e+02	9.670000e+02	6.565330e-02	2.189544e-04	2.189544e-04
9.670000e+02	1.101000e+03	2.444293e-02	9.520750e-05	9.520750e-05
1.101000e+03	1.248000e+03	8.320531e-03	3.725606e-05	3.725606e-05
1.248000e+03	1.410000e+03	2.816385e-03	1.581424e-05	1.581424e-05
1.410000e+03	1.588000e+03	8.999343e-04	6.160762e-06	6.160762e-06
1.588000e+03	1.784000e+03	2.629884e-04	2.547645e-06	2.547645e-06
1.784000e+03	2.000000e+03	6.932310e-05	8.931920e-07	8.931920e-07
2.000000e+03	2.238000e+03	1.481443e-05	3.429030e-07	3.429030e-07
# END HISTO1D

