# BEGIN PLOT
LegendOnly=/CMS_2021_I1972986/d23-x01-y01 /Monash_HardQCD_1B_posthadron_merged.yoda/CMS_2021_I1972986/d23-x01-y01 /Monash_HardQCD_1B_prehadron_merged.yoda/CMS_2021_I1972986/d23-x01-y01
DrawOnly=/CMS_2021_I1972986/d23-x01-y01 /Monash_HardQCD_1B_posthadron_merged.yoda/CMS_2021_I1972986/d23-x01-y01 /Monash_HardQCD_1B_prehadron_merged.yoda/CMS_2021_I1972986/d23-x01-y01
Title=CMS, $\sqrt(s)$ = 13 TeV, Inclusive AK7 jets, $1.0 < |y| < 1.5$
RatioPlotReference=/CMS_2021_I1972986/d23-x01-y01
RatioPlot=1
LogX=1
LogY=1
RatioPlotYMax=1.4
LegendXPos=0.65
XLabel=$p_{T}$ [GeV]
YLabel=d$^2\sigma$/d$p_{T}$d$y$ [pb/GeV]
LegendYPos=0.95
Legend=1
RatioPlotYMin=0.6
FullRange=1
# END PLOT

# BEGIN HISTO1D /CMS_2021_I1972986/d23-x01-y01
ConnectBins=0
ErrorBars=1
IsRef=1
Path=/CMS_2021_I1972986/d23-x01-y01
PolyMarker=*
Title=Data
# xlow	 xhigh	 val	 errminus	 errplus
9.700000e+01	1.330000e+02	1.233000e+04	7.341257e+02	7.341257e+02
1.330000e+02	1.740000e+02	2.636100e+03	1.289461e+02	1.289461e+02
1.740000e+02	2.200000e+02	6.942100e+02	3.130901e+01	3.130901e+01
2.200000e+02	2.720000e+02	2.031500e+02	8.814384e+00	8.814384e+00
2.720000e+02	3.300000e+02	6.440400e+01	2.761782e+00	2.761782e+00
3.300000e+02	3.950000e+02	2.195600e+01	9.530258e-01	9.530258e-01
3.950000e+02	4.680000e+02	7.813100e+00	3.487576e-01	3.487576e-01
4.680000e+02	5.480000e+02	2.856500e+00	1.341957e-01	1.341957e-01
5.480000e+02	6.380000e+02	1.076000e+00	5.403755e-02	5.403755e-02
6.380000e+02	7.370000e+02	4.060600e-01	2.223318e-02	2.223318e-02
7.370000e+02	8.460000e+02	1.557300e-01	9.438165e-03	9.438165e-03
8.460000e+02	9.670000e+02	5.818000e-02	3.955196e-03	3.955196e-03
9.670000e+02	1.101000e+03	2.140700e-02	1.654477e-03	1.654477e-03
1.101000e+03	1.248000e+03	7.611300e-03	6.772960e-04	6.772960e-04
1.248000e+03	1.410000e+03	2.565300e-03	2.653674e-04	2.653674e-04
1.410000e+03	1.588000e+03	8.125000e-04	9.902570e-05	9.902570e-05
1.588000e+03	1.784000e+03	2.202300e-04	3.273929e-05	3.273929e-05
1.784000e+03	2.000000e+03	5.505100e-05	1.108755e-05	1.108755e-05
2.000000e+03	2.238000e+03	1.464700e-05	3.883734e-06	3.883734e-06
# END HISTO1D


# BEGIN HISTO1D /Monash_HardQCD_1B_posthadron_merged.yoda/CMS_2021_I1972986/d23-x01-y01
ErrorBars=1
LineColor=red
LineStyle=solid
Path=/Monash_HardQCD_1B_posthadron_merged.yoda/CMS_2021_I1972986/d23-x01-y01
ScaledBy=2.18214966545898514e+06
Title=PS+HAD+MPI
# xlow	 xhigh	 val	 errminus	 errplus
9.700000e+01	1.330000e+02	1.205446e+04	2.094346e+02	2.094346e+02
1.330000e+02	1.740000e+02	2.317454e+03	5.090161e+01	5.090161e+01
1.740000e+02	2.200000e+02	1.673444e+03	3.815546e+01	3.815546e+01
2.200000e+02	2.720000e+02	3.303819e+02	8.030547e+00	8.030547e+00
2.720000e+02	3.300000e+02	1.603478e-01	7.060666e-02	7.060666e-02
3.300000e+02	3.950000e+02	3.824794e+01	9.212609e-01	9.212609e-01
3.950000e+02	4.680000e+02	5.799404e+00	4.694737e-01	4.694737e-01
4.680000e+02	5.480000e+02	2.111709e+00	8.853060e-02	8.853060e-02
5.480000e+02	6.380000e+02	5.086408e-01	2.395096e-02	2.395096e-02
6.380000e+02	7.370000e+02	1.436500e-02	4.146820e-03	4.146820e-03
7.370000e+02	8.460000e+02	8.626051e-02	7.940924e-03	7.940924e-03
8.460000e+02	9.670000e+02	0.000000e+00	0.000000e+00	0.000000e+00
9.670000e+02	1.101000e+03	0.000000e+00	0.000000e+00	0.000000e+00
1.101000e+03	1.248000e+03	0.000000e+00	0.000000e+00	0.000000e+00
1.248000e+03	1.410000e+03	0.000000e+00	0.000000e+00	0.000000e+00
1.410000e+03	1.588000e+03	0.000000e+00	0.000000e+00	0.000000e+00
1.588000e+03	1.784000e+03	0.000000e+00	0.000000e+00	0.000000e+00
1.784000e+03	2.000000e+03	0.000000e+00	0.000000e+00	0.000000e+00
2.000000e+03	2.238000e+03	0.000000e+00	0.000000e+00	0.000000e+00
# END HISTO1D


# BEGIN HISTO1D /Monash_HardQCD_1B_prehadron_merged.yoda/CMS_2021_I1972986/d23-x01-y01
ErrorBars=1
LineColor=blue
LineStyle=solid
Path=/Monash_HardQCD_1B_prehadron_merged.yoda/CMS_2021_I1972986/d23-x01-y01
ScaledBy=2.85714207933763439e-02
Title=PS
# xlow	 xhigh	 val	 errminus	 errplus
9.700000e+01	1.330000e+02	3.853181e-03	2.020811e-05	2.020811e-05
1.330000e+02	1.740000e+02	8.116512e-04	6.410776e-06	6.410776e-06
1.740000e+02	2.200000e+02	1.918468e-04	1.554887e-06	1.554887e-06
2.200000e+02	2.720000e+02	5.528808e-05	5.310696e-07	5.310696e-07
2.720000e+02	3.300000e+02	1.787616e-05	1.373020e-07	1.373020e-07
3.300000e+02	3.950000e+02	6.708560e-06	5.387434e-08	5.387434e-08
3.950000e+02	4.680000e+02	1.487615e-06	1.657225e-08	1.657225e-08
4.680000e+02	5.480000e+02	6.546880e-07	1.044969e-08	1.044969e-08
5.480000e+02	6.380000e+02	3.501747e-07	4.133096e-09	4.133096e-09
6.380000e+02	7.370000e+02	1.053672e-07	1.384615e-09	1.384615e-09
7.370000e+02	8.460000e+02	1.875721e-08	3.905963e-10	3.905963e-10
8.460000e+02	9.670000e+02	9.857926e-09	1.804616e-10	1.804616e-10
9.670000e+02	1.101000e+03	4.262808e-09	8.734621e-11	8.734621e-11
1.101000e+03	1.248000e+03	1.096491e-09	3.081259e-11	3.081259e-11
1.248000e+03	1.410000e+03	8.937889e-10	2.442391e-11	2.442391e-11
1.410000e+03	1.588000e+03	3.389465e-10	1.090574e-11	1.090574e-11
1.588000e+03	1.784000e+03	2.690351e-10	7.309405e-12	7.309405e-12
1.784000e+03	2.000000e+03	0.000000e+00	0.000000e+00	0.000000e+00
2.000000e+03	2.238000e+03	0.000000e+00	0.000000e+00	0.000000e+00
# END HISTO1D

