# BEGIN PLOT
LegendOnly=/CMS_2021_I1972986/d21-x01-y01 /Monash_HardQCD_1B_posthadron_merged.yoda/CMS_2021_I1972986/d21-x01-y01 /Monash_HardQCD_1B_prehadron_merged.yoda/CMS_2021_I1972986/d21-x01-y01
DrawOnly=/CMS_2021_I1972986/d21-x01-y01 /Monash_HardQCD_1B_posthadron_merged.yoda/CMS_2021_I1972986/d21-x01-y01 /Monash_HardQCD_1B_prehadron_merged.yoda/CMS_2021_I1972986/d21-x01-y01
Title=CMS, $\sqrt(s)$ = 13 TeV, Inclusive AK7 jets, $0.0 < |y| < 0.5$
RatioPlotReference=/CMS_2021_I1972986/d21-x01-y01
RatioPlot=1
LogX=1
LogY=1
RatioPlotYMax=1.4
LegendXPos=0.65
XLabel=$p_{T}$ [GeV]
YLabel=d$^2\sigma$/d$p_{T}$d$y$ [pb/GeV]
LegendYPos=0.95
Legend=1
RatioPlotYMin=0.6
FullRange=1
# END PLOT

# BEGIN HISTO1D /CMS_2021_I1972986/d21-x01-y01
ConnectBins=0
ErrorBars=1
IsRef=1
Path=/CMS_2021_I1972986/d21-x01-y01
PolyMarker=*
Title=Data
# xlow	 xhigh	 val	 errminus	 errplus
9.700000e+01	1.330000e+02	1.473900e+04	7.487453e+02	7.487453e+02
1.330000e+02	1.740000e+02	3.236100e+03	1.419588e+02	1.419588e+02
1.740000e+02	2.200000e+02	8.605300e+02	3.571459e+01	3.571459e+01
2.200000e+02	2.720000e+02	2.574300e+02	1.032110e+01	1.032110e+01
2.720000e+02	3.300000e+02	8.538700e+01	3.318388e+00	3.318388e+00
3.300000e+02	3.950000e+02	2.965500e+01	1.135831e+00	1.135831e+00
3.950000e+02	4.680000e+02	1.099500e+01	4.155528e-01	4.155528e-01
4.680000e+02	5.480000e+02	4.189300e+00	1.578436e-01	1.578436e-01
5.480000e+02	6.380000e+02	1.658000e+00	6.285407e-02	6.285407e-02
6.380000e+02	7.370000e+02	6.663900e-01	2.567876e-02	2.567876e-02
7.370000e+02	8.460000e+02	2.737700e-01	1.083807e-02	1.083807e-02
8.460000e+02	9.670000e+02	1.137100e-01	4.663706e-03	4.663706e-03
9.670000e+02	1.101000e+03	4.685800e-02	2.006821e-03	2.006821e-03
1.101000e+03	1.248000e+03	1.937700e-02	8.757163e-04	8.757163e-04
1.248000e+03	1.410000e+03	7.955900e-03	3.849263e-04	3.849263e-04
1.410000e+03	1.588000e+03	3.274400e-03	1.717812e-04	1.717812e-04
1.588000e+03	1.784000e+03	1.251500e-03	7.276907e-05	7.276907e-05
1.784000e+03	2.000000e+03	4.742700e-04	3.149750e-05	3.149750e-05
2.000000e+03	2.238000e+03	1.815900e-04	1.426657e-05	1.426657e-05
2.238000e+03	2.500000e+03	6.127500e-05	6.279759e-06	6.279759e-06
2.500000e+03	2.787000e+03	1.934800e-05	2.885537e-06	2.885537e-06
2.787000e+03	3.103000e+03	4.600800e-06	1.299444e-06	1.299444e-06
# END HISTO1D


# BEGIN HISTO1D /Monash_HardQCD_1B_posthadron_merged.yoda/CMS_2021_I1972986/d21-x01-y01
ErrorBars=1
LineColor=red
LineStyle=solid
Path=/Monash_HardQCD_1B_posthadron_merged.yoda/CMS_2021_I1972986/d21-x01-y01
ScaledBy=2.18152847113372479e+06
Title=PS+HAD+MPI
# xlow	 xhigh	 val	 errminus	 errplus
9.700000e+01	1.330000e+02	2.911597e+04	5.277206e+02	5.277206e+02
1.330000e+02	1.740000e+02	3.173559e+03	8.543851e+01	8.543851e+01
1.740000e+02	2.200000e+02	1.499729e+03	3.500352e+01	3.500352e+01
2.200000e+02	2.720000e+02	3.201865e+02	6.133150e+00	6.133150e+00
2.720000e+02	3.300000e+02	8.389017e+01	2.242188e+00	2.242188e+00
3.300000e+02	3.950000e+02	1.091011e+01	5.141268e-01	5.141268e-01
3.950000e+02	4.680000e+02	1.460686e+01	4.554810e-01	4.554810e-01
4.680000e+02	5.480000e+02	1.430475e+00	1.239559e-01	1.239559e-01
5.480000e+02	6.380000e+02	1.583636e-01	1.433756e-02	1.433756e-02
6.380000e+02	7.370000e+02	8.190131e-01	2.890512e-02	2.890512e-02
7.370000e+02	8.460000e+02	0.000000e+00	0.000000e+00	0.000000e+00
8.460000e+02	9.670000e+02	0.000000e+00	0.000000e+00	0.000000e+00
9.670000e+02	1.101000e+03	1.479966e-02	1.374115e-03	1.374115e-03
1.101000e+03	1.248000e+03	0.000000e+00	0.000000e+00	0.000000e+00
1.248000e+03	1.410000e+03	0.000000e+00	0.000000e+00	0.000000e+00
1.410000e+03	1.588000e+03	2.650410e-02	7.676707e-04	7.676707e-04
1.588000e+03	1.784000e+03	9.240969e-05	3.772611e-05	3.772611e-05
1.784000e+03	2.000000e+03	0.000000e+00	0.000000e+00	0.000000e+00
2.000000e+03	2.238000e+03	0.000000e+00	0.000000e+00	0.000000e+00
2.238000e+03	2.500000e+03	0.000000e+00	0.000000e+00	0.000000e+00
2.500000e+03	2.787000e+03	0.000000e+00	0.000000e+00	0.000000e+00
2.787000e+03	3.103000e+03	0.000000e+00	0.000000e+00	0.000000e+00
# END HISTO1D


# BEGIN HISTO1D /Monash_HardQCD_1B_prehadron_merged.yoda/CMS_2021_I1972986/d21-x01-y01
ErrorBars=1
LineColor=blue
LineStyle=solid
Path=/Monash_HardQCD_1B_prehadron_merged.yoda/CMS_2021_I1972986/d21-x01-y01
ScaledBy=2.85714207933763439e-02
Title=PS
# xlow	 xhigh	 val	 errminus	 errplus
9.700000e+01	1.330000e+02	3.986847e-03	2.847182e-05	2.847182e-05
1.330000e+02	1.740000e+02	5.335851e-04	3.436709e-06	3.436709e-06
1.740000e+02	2.200000e+02	2.453078e-04	2.468904e-06	2.468904e-06
2.200000e+02	2.720000e+02	7.261798e-05	6.075106e-07	6.075106e-07
2.720000e+02	3.300000e+02	2.302769e-05	1.394862e-07	1.394862e-07
3.300000e+02	3.950000e+02	1.368031e-05	1.143454e-07	1.143454e-07
3.950000e+02	4.680000e+02	2.966792e-06	2.423569e-08	2.423569e-08
4.680000e+02	5.480000e+02	9.440024e-07	8.330209e-09	8.330209e-09
5.480000e+02	6.380000e+02	4.303083e-07	3.736525e-09	3.736525e-09
6.380000e+02	7.370000e+02	1.458882e-07	2.671460e-09	2.671460e-09
7.370000e+02	8.460000e+02	8.433337e-08	8.802764e-10	8.802764e-10
8.460000e+02	9.670000e+02	4.247922e-08	4.701072e-10	4.701072e-10
9.670000e+02	1.101000e+03	2.009256e-08	2.553008e-10	2.553008e-10
1.101000e+03	1.248000e+03	5.580143e-09	7.814065e-11	7.814065e-11
1.248000e+03	1.410000e+03	2.696486e-09	4.717367e-11	4.717367e-11
1.410000e+03	1.588000e+03	1.783143e-09	2.617741e-11	2.617741e-11
1.588000e+03	1.784000e+03	1.273564e-10	4.733163e-12	4.733163e-12
1.784000e+03	2.000000e+03	1.764107e-10	3.933530e-12	3.933530e-12
2.000000e+03	2.238000e+03	5.549794e-13	1.962148e-13	1.962148e-13
2.238000e+03	2.500000e+03	7.139546e-13	1.522584e-13	1.522584e-13
2.500000e+03	2.787000e+03	0.000000e+00	0.000000e+00	0.000000e+00
2.787000e+03	3.103000e+03	1.125756e-12	1.093431e-13	1.093431e-13
# END HISTO1D

