# BEGIN PLOT
LegendOnly=/CMS_2021_I1972986/d21-x01-y01 /posthadron601.yoda/CMS_2021_I1972986/d21-x01-y01 /prehadron601.yoda/CMS_2021_I1972986/d21-x01-y01
DrawOnly=/CMS_2021_I1972986/d21-x01-y01 /posthadron601.yoda/CMS_2021_I1972986/d21-x01-y01 /prehadron601.yoda/CMS_2021_I1972986/d21-x01-y01
Title=CMS, $\sqrt(s)$ = 13 TeV, Inclusive AK7 jets, $0.0 < |y| < 0.5$
RatioPlotReference=/CMS_2021_I1972986/d21-x01-y01
RatioPlot=1
LogX=1
LogY=1
RatioPlotYMax=1.4
LegendXPos=0.65
XLabel=$p_{T}$ [GeV]
YLabel=d$^2\sigma$/d$p_{T}$d$y$ [pb/GeV]
LegendYPos=0.95
Legend=1
RatioPlotYMin=0.6
FullRange=1
# END PLOT

# BEGIN HISTO1D /CMS_2021_I1972986/d21-x01-y01
ConnectBins=0
ErrorBars=1
IsRef=1
Path=/CMS_2021_I1972986/d21-x01-y01
PolyMarker=*
Title=Data
# xlow	 xhigh	 val	 errminus	 errplus
9.700000e+01	1.330000e+02	1.473900e+04	7.487453e+02	7.487453e+02
1.330000e+02	1.740000e+02	3.236100e+03	1.419588e+02	1.419588e+02
1.740000e+02	2.200000e+02	8.605300e+02	3.571459e+01	3.571459e+01
2.200000e+02	2.720000e+02	2.574300e+02	1.032110e+01	1.032110e+01
2.720000e+02	3.300000e+02	8.538700e+01	3.318388e+00	3.318388e+00
3.300000e+02	3.950000e+02	2.965500e+01	1.135831e+00	1.135831e+00
3.950000e+02	4.680000e+02	1.099500e+01	4.155528e-01	4.155528e-01
4.680000e+02	5.480000e+02	4.189300e+00	1.578436e-01	1.578436e-01
5.480000e+02	6.380000e+02	1.658000e+00	6.285407e-02	6.285407e-02
6.380000e+02	7.370000e+02	6.663900e-01	2.567876e-02	2.567876e-02
7.370000e+02	8.460000e+02	2.737700e-01	1.083807e-02	1.083807e-02
8.460000e+02	9.670000e+02	1.137100e-01	4.663706e-03	4.663706e-03
9.670000e+02	1.101000e+03	4.685800e-02	2.006821e-03	2.006821e-03
1.101000e+03	1.248000e+03	1.937700e-02	8.757163e-04	8.757163e-04
1.248000e+03	1.410000e+03	7.955900e-03	3.849263e-04	3.849263e-04
1.410000e+03	1.588000e+03	3.274400e-03	1.717812e-04	1.717812e-04
1.588000e+03	1.784000e+03	1.251500e-03	7.276907e-05	7.276907e-05
1.784000e+03	2.000000e+03	4.742700e-04	3.149750e-05	3.149750e-05
2.000000e+03	2.238000e+03	1.815900e-04	1.426657e-05	1.426657e-05
2.238000e+03	2.500000e+03	6.127500e-05	6.279759e-06	6.279759e-06
2.500000e+03	2.787000e+03	1.934800e-05	2.885537e-06	2.885537e-06
2.787000e+03	3.103000e+03	4.600800e-06	1.299444e-06	1.299444e-06
# END HISTO1D


# BEGIN HISTO1D /posthadron601.yoda/CMS_2021_I1972986/d21-x01-y01
ErrorBars=1
LineColor=red
LineStyle=solid
Path=/posthadron601.yoda/CMS_2021_I1972986/d21-x01-y01
ScaledBy=2.12690590013513660e+09
Title=PS+HAD+MPI
# xlow	 xhigh	 val	 errminus	 errplus
9.700000e+01	1.330000e+02	3.313628e+04	1.867300e+04	1.867300e+04
1.330000e+02	1.740000e+02	5.174478e+03	3.613910e+03	3.613910e+03
1.740000e+02	2.200000e+02	2.440909e+03	1.614991e+03	1.614991e+03
2.200000e+02	2.720000e+02	3.071371e+02	1.859380e+02	1.859380e+02
2.720000e+02	3.300000e+02	6.894155e+01	6.894155e+01	6.894155e+01
3.300000e+02	3.950000e+02	2.507822e+01	2.507822e+01	2.507822e+01
3.950000e+02	4.680000e+02	1.462147e+01	1.462146e+01	1.462146e+01
4.680000e+02	5.480000e+02	0.000000e+00	0.000000e+00	0.000000e+00
5.480000e+02	6.380000e+02	0.000000e+00	0.000000e+00	0.000000e+00
6.380000e+02	7.370000e+02	2.029816e+00	1.435297e+00	1.435297e+00
7.370000e+02	8.460000e+02	0.000000e+00	0.000000e+00	0.000000e+00
8.460000e+02	9.670000e+02	0.000000e+00	0.000000e+00	0.000000e+00
9.670000e+02	1.101000e+03	0.000000e+00	0.000000e+00	0.000000e+00
1.101000e+03	1.248000e+03	0.000000e+00	0.000000e+00	0.000000e+00
1.248000e+03	1.410000e+03	0.000000e+00	0.000000e+00	0.000000e+00
1.410000e+03	1.588000e+03	4.335650e-02	3.065767e-02	3.065767e-02
1.588000e+03	1.784000e+03	0.000000e+00	0.000000e+00	0.000000e+00
1.784000e+03	2.000000e+03	0.000000e+00	0.000000e+00	0.000000e+00
2.000000e+03	2.238000e+03	0.000000e+00	0.000000e+00	0.000000e+00
2.238000e+03	2.500000e+03	0.000000e+00	0.000000e+00	0.000000e+00
2.500000e+03	2.787000e+03	0.000000e+00	0.000000e+00	0.000000e+00
2.787000e+03	3.103000e+03	0.000000e+00	0.000000e+00	0.000000e+00
# END HISTO1D


# BEGIN HISTO1D /prehadron601.yoda/CMS_2021_I1972986/d21-x01-y01
ErrorBars=1
LineColor=blue
LineStyle=solid
Path=/prehadron601.yoda/CMS_2021_I1972986/d21-x01-y01
ScaledBy=1.04741863219338238e+08
Title=PS
# xlow	 xhigh	 val	 errminus	 errplus
9.700000e+01	1.330000e+02	1.381898e+04	3.203578e+03	3.203578e+03
1.330000e+02	1.740000e+02	1.913221e+03	3.772864e+02	3.772864e+02
1.740000e+02	2.200000e+02	8.162352e+02	2.675247e+02	2.675247e+02
2.200000e+02	2.720000e+02	2.706292e+02	7.255976e+01	7.255976e+01
2.720000e+02	3.300000e+02	7.757581e+01	1.427354e+01	1.427354e+01
3.300000e+02	3.950000e+02	5.040949e+01	1.312091e+01	1.312091e+01
3.950000e+02	4.680000e+02	1.092461e+01	2.800147e+00	2.800147e+00
4.680000e+02	5.480000e+02	3.525093e+00	9.746362e-01	9.746362e-01
5.480000e+02	6.380000e+02	1.480423e+00	4.137916e-01	4.137916e-01
6.380000e+02	7.370000e+02	5.710560e-01	3.213923e-01	3.213923e-01
7.370000e+02	8.460000e+02	2.933985e-01	9.246450e-02	9.246450e-02
8.460000e+02	9.670000e+02	1.774125e-01	5.913962e-02	5.913962e-02
9.670000e+02	1.101000e+03	6.457240e-02	2.643162e-02	2.643162e-02
1.101000e+03	1.248000e+03	1.518316e-02	7.641391e-03	7.641391e-03
1.248000e+03	1.410000e+03	1.053851e-02	5.887254e-03	5.887254e-03
1.410000e+03	1.588000e+03	5.460103e-03	2.787991e-03	2.787991e-03
1.588000e+03	1.784000e+03	6.448679e-04	6.448677e-04	6.448677e-04
1.784000e+03	2.000000e+03	6.427194e-04	4.544711e-04	4.544711e-04
2.000000e+03	2.238000e+03	0.000000e+00	0.000000e+00	0.000000e+00
2.238000e+03	2.500000e+03	0.000000e+00	0.000000e+00	0.000000e+00
2.500000e+03	2.787000e+03	0.000000e+00	0.000000e+00	0.000000e+00
2.787000e+03	3.103000e+03	0.000000e+00	0.000000e+00	0.000000e+00
# END HISTO1D

