# BEGIN PLOT
LegendOnly=/CMS_2021_I1972986/d21-x01-y01 /suppr250_bornktmin10_100M_ParsiParams_posthadron_merged.yoda/CMS_2021_I1972986/d21-x01-y01 /suppr250_bornktmin10_100M_ParsiParams_prehadron_merged.yoda/CMS_2021_I1972986/d21-x01-y01
DrawOnly=/CMS_2021_I1972986/d21-x01-y01 /suppr250_bornktmin10_100M_ParsiParams_posthadron_merged.yoda/CMS_2021_I1972986/d21-x01-y01 /suppr250_bornktmin10_100M_ParsiParams_prehadron_merged.yoda/CMS_2021_I1972986/d21-x01-y01
Title=CMS, $\sqrt(s)$ = 13 TeV, Inclusive AK7 jets, $0.0 < |y| < 0.5$
RatioPlotReference=/CMS_2021_I1972986/d21-x01-y01
RatioPlot=1
LogX=1
LogY=1
RatioPlotYMax=1.4
LegendXPos=0.65
XLabel=$p_{T}$ [GeV]
YLabel=d$^2\sigma$/d$p_{T}$d$y$ [pb/GeV]
LegendYPos=0.95
Legend=1
RatioPlotYMin=0.6
FullRange=1
# END PLOT

# BEGIN HISTO1D /CMS_2021_I1972986/d21-x01-y01
ConnectBins=0
ErrorBars=1
IsRef=1
Path=/CMS_2021_I1972986/d21-x01-y01
PolyMarker=*
Title=Data
# xlow	 xhigh	 val	 errminus	 errplus
9.700000e+01	1.330000e+02	1.473900e+04	7.487453e+02	7.487453e+02
1.330000e+02	1.740000e+02	3.236100e+03	1.419588e+02	1.419588e+02
1.740000e+02	2.200000e+02	8.605300e+02	3.571459e+01	3.571459e+01
2.200000e+02	2.720000e+02	2.574300e+02	1.032110e+01	1.032110e+01
2.720000e+02	3.300000e+02	8.538700e+01	3.318388e+00	3.318388e+00
3.300000e+02	3.950000e+02	2.965500e+01	1.135831e+00	1.135831e+00
3.950000e+02	4.680000e+02	1.099500e+01	4.155528e-01	4.155528e-01
4.680000e+02	5.480000e+02	4.189300e+00	1.578436e-01	1.578436e-01
5.480000e+02	6.380000e+02	1.658000e+00	6.285407e-02	6.285407e-02
6.380000e+02	7.370000e+02	6.663900e-01	2.567876e-02	2.567876e-02
7.370000e+02	8.460000e+02	2.737700e-01	1.083807e-02	1.083807e-02
8.460000e+02	9.670000e+02	1.137100e-01	4.663706e-03	4.663706e-03
9.670000e+02	1.101000e+03	4.685800e-02	2.006821e-03	2.006821e-03
1.101000e+03	1.248000e+03	1.937700e-02	8.757163e-04	8.757163e-04
1.248000e+03	1.410000e+03	7.955900e-03	3.849263e-04	3.849263e-04
1.410000e+03	1.588000e+03	3.274400e-03	1.717812e-04	1.717812e-04
1.588000e+03	1.784000e+03	1.251500e-03	7.276907e-05	7.276907e-05
1.784000e+03	2.000000e+03	4.742700e-04	3.149750e-05	3.149750e-05
2.000000e+03	2.238000e+03	1.815900e-04	1.426657e-05	1.426657e-05
2.238000e+03	2.500000e+03	6.127500e-05	6.279759e-06	6.279759e-06
2.500000e+03	2.787000e+03	1.934800e-05	2.885537e-06	2.885537e-06
2.787000e+03	3.103000e+03	4.600800e-06	1.299444e-06	1.299444e-06
# END HISTO1D


# BEGIN HISTO1D /suppr250_bornktmin10_100M_ParsiParams_posthadron_merged.yoda/CMS_2021_I1972986/d21-x01-y01
LineColor=red
LineStyle=solid
Path=/suppr250_bornktmin10_100M_ParsiParams_posthadron_merged.yoda/CMS_2021_I1972986/d21-x01-y01
ScaledBy=1.41835924202882098e-05
Title=PS+MPI+HAD
# xlow	 xhigh	 val	 errminus	 errplus
9.700000e+01	1.330000e+02	1.524122e+04	4.800178e+02	4.800178e+02
1.330000e+02	1.740000e+02	3.442807e+03	1.053898e+02	1.053898e+02
1.740000e+02	2.200000e+02	8.799828e+02	4.105303e+01	4.105303e+01
2.200000e+02	2.720000e+02	2.493596e+02	6.789788e+00	6.789788e+00
2.720000e+02	3.300000e+02	8.356490e+01	2.301703e+00	2.301703e+00
3.300000e+02	3.950000e+02	2.806188e+01	9.569678e-01	9.569678e-01
3.950000e+02	4.680000e+02	1.021803e+01	4.567387e-01	4.567387e-01
4.680000e+02	5.480000e+02	3.730716e+00	2.218621e-01	2.218621e-01
5.480000e+02	6.380000e+02	1.651193e+00	1.323673e-01	1.323673e-01
6.380000e+02	7.370000e+02	5.080787e-01	7.926449e-02	7.926449e-02
7.370000e+02	8.460000e+02	3.536597e-01	1.480043e-01	1.480043e-01
8.460000e+02	9.670000e+02	5.563744e-02	1.678009e-02	1.678009e-02
9.670000e+02	1.101000e+03	6.534357e-02	1.689040e-02	1.689040e-02
1.101000e+03	1.248000e+03	1.195976e-02	6.920548e-03	6.920548e-03
1.248000e+03	1.410000e+03	1.341230e-02	6.706349e-03	6.706349e-03
1.410000e+03	1.588000e+03	0.000000e+00	0.000000e+00	0.000000e+00
1.588000e+03	1.784000e+03	0.000000e+00	0.000000e+00	0.000000e+00
1.784000e+03	2.000000e+03	0.000000e+00	0.000000e+00	0.000000e+00
2.000000e+03	2.238000e+03	0.000000e+00	0.000000e+00	0.000000e+00
2.238000e+03	2.500000e+03	0.000000e+00	0.000000e+00	0.000000e+00
2.500000e+03	2.787000e+03	0.000000e+00	0.000000e+00	0.000000e+00
2.787000e+03	3.103000e+03	0.000000e+00	0.000000e+00	0.000000e+00
# END HISTO1D


# BEGIN HISTO1D /suppr250_bornktmin10_100M_ParsiParams_prehadron_merged.yoda/CMS_2021_I1972986/d21-x01-y01
LineColor=blue
LineStyle=solid
Path=/suppr250_bornktmin10_100M_ParsiParams_prehadron_merged.yoda/CMS_2021_I1972986/d21-x01-y01
ScaledBy=1.00535856113082727e-06
Title=PS
# xlow	 xhigh	 val	 errminus	 errplus
9.700000e+01	1.330000e+02	1.389588e+04	2.076378e+02	2.076378e+02
1.330000e+02	1.740000e+02	3.174476e+03	6.634307e+01	6.634307e+01
1.740000e+02	2.200000e+02	8.372404e+02	9.588869e+00	9.588869e+00
2.200000e+02	2.720000e+02	2.489235e+02	2.212806e+00	2.212806e+00
2.720000e+02	3.300000e+02	8.331564e+01	1.635356e+00	1.635356e+00
3.300000e+02	3.950000e+02	2.850083e+01	5.299523e-01	5.299523e-01
3.950000e+02	4.680000e+02	1.027518e+01	1.762733e-01	1.762733e-01
4.680000e+02	5.480000e+02	3.953229e+00	7.074427e-02	7.074427e-02
5.480000e+02	6.380000e+02	1.639718e+00	7.305510e-02	7.305510e-02
6.380000e+02	7.370000e+02	6.681419e-01	6.005435e-02	6.005435e-02
7.370000e+02	8.460000e+02	2.326875e-01	1.020725e-02	1.020725e-02
8.460000e+02	9.670000e+02	9.800802e-02	6.065263e-03	6.065263e-03
9.670000e+02	1.101000e+03	3.901100e-02	3.517100e-03	3.517100e-03
1.101000e+03	1.248000e+03	1.827967e-02	2.284309e-03	2.284309e-03
1.248000e+03	1.410000e+03	5.925990e-03	1.185496e-03	1.185496e-03
1.410000e+03	1.588000e+03	2.540929e-03	7.335960e-04	7.335960e-04
1.588000e+03	1.784000e+03	5.850214e-04	3.378153e-04	3.378153e-04
1.784000e+03	2.000000e+03	5.049542e-04	2.915355e-04	2.915355e-04
2.000000e+03	2.238000e+03	1.513437e-04	1.513436e-04	1.513436e-04
2.238000e+03	2.500000e+03	0.000000e+00	0.000000e+00	0.000000e+00
2.500000e+03	2.787000e+03	0.000000e+00	0.000000e+00	0.000000e+00
2.787000e+03	3.103000e+03	0.000000e+00	0.000000e+00	0.000000e+00
# END HISTO1D

