# BEGIN PLOT
LegendOnly=/CMS_2021_I1972986/d03-x01-y01 /suppr800_bornktmin600_1B_ParisParams_MSTP_posthadron_merged.yoda/CMS_2021_I1972986/d03-x01-y01 /suppr800_bornktmin600_1B_ParisParams_MSTP_prehadron_merged.yoda/CMS_2021_I1972986/d03-x01-y01
DrawOnly=/CMS_2021_I1972986/d03-x01-y01 /suppr800_bornktmin600_1B_ParisParams_MSTP_posthadron_merged.yoda/CMS_2021_I1972986/d03-x01-y01 /suppr800_bornktmin600_1B_ParisParams_MSTP_prehadron_merged.yoda/CMS_2021_I1972986/d03-x01-y01
Title=CMS, $\sqrt(s)$ = 13 TeV, Inclusive AK4 jets, $1.0 < |y| < 1.5$
RatioPlotReference=/CMS_2021_I1972986/d03-x01-y01
RatioPlot=1
LogX=1
LogY=1
RatioPlotYMax=1.4
LegendXPos=0.65
XLabel=$p_{T}$ [GeV]
YLabel=d$^2\sigma$/d$p_{T}$d$y$ [pb/GeV]
LegendYPos=0.96
Legend=1
RatioPlotYMin=0.6
FullRange=1
# END PLOT

# BEGIN HISTO1D /CMS_2021_I1972986/d03-x01-y01
ConnectBins=0
ErrorBars=1
IsRef=1
Path=/CMS_2021_I1972986/d03-x01-y01
PolyMarker=*
Title=Data
# xlow	 xhigh	 val	 errminus	 errplus
9.700000e+01	1.330000e+02	7.983100e+03	4.603969e+02	4.603969e+02
1.330000e+02	1.740000e+02	1.798200e+03	8.858349e+01	8.858349e+01
1.740000e+02	2.200000e+02	4.981500e+02	2.318653e+01	2.318653e+01
2.200000e+02	2.720000e+02	1.479600e+02	6.543361e+00	6.543361e+00
2.720000e+02	3.300000e+02	4.861300e+01	2.096209e+00	2.096209e+00
3.300000e+02	3.950000e+02	1.668200e+01	7.187223e-01	7.187223e-01
3.950000e+02	4.680000e+02	6.039800e+00	2.675839e-01	2.675839e-01
4.680000e+02	5.480000e+02	2.229300e+00	1.043706e-01	1.043706e-01
5.480000e+02	6.380000e+02	8.595100e-01	4.305809e-02	4.305809e-02
6.380000e+02	7.370000e+02	3.238700e-01	1.773338e-02	1.773338e-02
7.370000e+02	8.460000e+02	1.268000e-01	7.715950e-03	7.715950e-03
8.460000e+02	9.670000e+02	4.687200e-02	3.210922e-03	3.210922e-03
9.670000e+02	1.101000e+03	1.777100e-02	1.383052e-03	1.383052e-03
1.101000e+03	1.248000e+03	6.179800e-03	5.554719e-04	5.554719e-04
1.248000e+03	1.410000e+03	2.149900e-03	2.254506e-04	2.254506e-04
1.410000e+03	1.588000e+03	6.554900e-04	8.203513e-05	8.203513e-05
1.588000e+03	1.784000e+03	1.843900e-04	2.858972e-05	2.858972e-05
1.784000e+03	2.000000e+03	4.558600e-05	9.717283e-06	9.717283e-06
2.000000e+03	2.238000e+03	1.268300e-05	3.600774e-06	3.600774e-06
# END HISTO1D


# BEGIN HISTO1D /suppr800_bornktmin600_1B_ParisParams_MSTP_posthadron_merged.yoda/CMS_2021_I1972986/d03-x01-y01
LineColor=red
LineStyle=solid
Path=/suppr800_bornktmin600_1B_ParisParams_MSTP_posthadron_merged.yoda/CMS_2021_I1972986/d03-x01-y01
ScaledBy=8.04945585678408202e-06
Title=PS+MPI+HAD
# xlow	 xhigh	 val	 errminus	 errplus
9.700000e+01	1.330000e+02	3.972675e-01	5.560809e-03	5.560809e-03
1.330000e+02	1.740000e+02	2.752456e-01	4.348519e-03	4.348519e-03
1.740000e+02	2.200000e+02	2.226709e-01	3.721454e-03	3.721454e-03
2.200000e+02	2.720000e+02	1.807933e-01	3.146581e-03	3.146581e-03
2.720000e+02	3.300000e+02	1.529839e-01	2.747441e-03	2.747441e-03
3.300000e+02	3.950000e+02	1.408752e-01	2.512598e-03	2.512598e-03
3.950000e+02	4.680000e+02	1.426711e-01	2.405886e-03	2.405886e-03
4.680000e+02	5.480000e+02	1.815274e-01	2.677741e-03	2.677741e-03
5.480000e+02	6.380000e+02	3.643306e-01	3.678323e-03	3.678323e-03
6.380000e+02	7.370000e+02	2.684017e-01	2.656542e-03	2.656542e-03
7.370000e+02	8.460000e+02	1.108194e-01	1.351764e-03	1.351764e-03
8.460000e+02	9.670000e+02	4.326731e-02	6.703782e-04	6.703782e-04
9.670000e+02	1.101000e+03	1.627135e-02	3.338202e-04	3.338202e-04
1.101000e+03	1.248000e+03	5.448003e-03	1.590783e-04	1.590783e-04
1.248000e+03	1.410000e+03	1.840290e-03	7.820688e-05	7.820688e-05
1.410000e+03	1.588000e+03	5.877854e-04	3.877181e-05	3.877181e-05
1.588000e+03	1.784000e+03	1.890951e-04	1.949517e-05	1.949517e-05
1.784000e+03	2.000000e+03	5.786884e-05	9.663734e-06	9.663734e-06
2.000000e+03	2.238000e+03	1.054132e-05	3.728034e-06	3.728034e-06
# END HISTO1D


# BEGIN HISTO1D /suppr800_bornktmin600_1B_ParisParams_MSTP_prehadron_merged.yoda/CMS_2021_I1972986/d03-x01-y01
LineColor=blue
LineStyle=solid
Path=/suppr800_bornktmin600_1B_ParisParams_MSTP_prehadron_merged.yoda/CMS_2021_I1972986/d03-x01-y01
ScaledBy=1.25842040553855996e-06
Title=PS
# xlow	 xhigh	 val	 errminus	 errplus
9.700000e+01	1.330000e+02	4.085928e-01	2.227477e-03	2.227477e-03
1.330000e+02	1.740000e+02	2.864373e-01	1.757121e-03	1.757121e-03
1.740000e+02	2.200000e+02	2.208002e-01	1.460641e-03	1.460641e-03
2.200000e+02	2.720000e+02	1.798893e-01	1.244021e-03	1.244021e-03
2.720000e+02	3.300000e+02	1.557153e-01	1.098460e-03	1.098460e-03
3.300000e+02	3.950000e+02	1.432618e-01	1.002474e-03	1.002474e-03
3.950000e+02	4.680000e+02	1.413773e-01	9.494493e-04	9.494493e-04
4.680000e+02	5.480000e+02	1.811452e-01	1.056761e-03	1.056761e-03
5.480000e+02	6.380000e+02	3.661384e-01	1.459114e-03	1.459114e-03
6.380000e+02	7.370000e+02	2.714961e-01	1.057337e-03	1.057337e-03
7.370000e+02	8.460000e+02	1.135997e-01	5.390539e-04	5.390539e-04
8.460000e+02	9.670000e+02	4.323368e-02	2.646078e-04	2.646078e-04
9.670000e+02	1.101000e+03	1.626706e-02	1.316719e-04	1.316719e-04
1.101000e+03	1.248000e+03	5.670079e-03	6.490254e-05	6.490254e-05
1.248000e+03	1.410000e+03	1.865151e-03	3.170869e-05	3.170869e-05
1.410000e+03	1.588000e+03	6.034410e-04	1.563248e-05	1.563248e-05
1.588000e+03	1.784000e+03	1.781094e-04	7.608701e-06	7.608701e-06
1.784000e+03	2.000000e+03	4.092764e-05	3.196304e-06	3.196304e-06
2.000000e+03	2.238000e+03	9.790059e-06	1.441669e-06	1.441669e-06
# END HISTO1D

