# BEGIN PLOT
LegendOnly=/CMS_2021_I1972986/d04-x01-y01 /Paris_CUETP8M_10T_prehadron_merged.yoda/CMS_2021_I1972986/d04-x01-y01 /Paris_CUETP8M_10T_posthadron_merged.yoda/CMS_2021_I1972986/d04-x01-y01
DrawOnly=/CMS_2021_I1972986/d04-x01-y01 /Paris_CUETP8M_10T_prehadron_merged.yoda/CMS_2021_I1972986/d04-x01-y01 /Paris_CUETP8M_10T_posthadron_merged.yoda/CMS_2021_I1972986/d04-x01-y01
Title=CMS, $\sqrt(s)$ = 13 TeV, Inclusive AK4 jets, $1.5 < |y| < 2.0$
RatioPlotReference=/CMS_2021_I1972986/d04-x01-y01
RatioPlot=1
LogX=1
LogY=1
RatioPlotYMax=1.4
LegendXPos=0.65
XLabel=$p_{T}$ [GeV]
YLabel=d$^2\sigma$/d$p_{T}$d$y$ [pb/GeV]
LegendYPos=0.96
Legend=1
RatioPlotYMin=0.6
FullRange=1
# END PLOT

# BEGIN HISTO1D /CMS_2021_I1972986/d04-x01-y01
ConnectBins=0
ErrorBars=1
IsRef=1
Path=/CMS_2021_I1972986/d04-x01-y01
PolyMarker=*
Title=Data
# xlow	 xhigh	 val	 errminus	 errplus
9.700000e+01	1.330000e+02	6.398100e+03	3.942272e+02	3.942272e+02
1.330000e+02	1.740000e+02	1.433800e+03	7.805702e+01	7.805702e+01
1.740000e+02	2.200000e+02	3.841500e+02	2.010232e+01	2.010232e+01
2.200000e+02	2.720000e+02	1.126000e+02	5.771391e+00	5.771391e+00
2.720000e+02	3.300000e+02	3.567500e+01	1.820850e+00	1.820850e+00
3.300000e+02	3.950000e+02	1.185000e+01	6.111903e-01	6.111903e-01
3.950000e+02	4.680000e+02	4.059300e+00	2.148317e-01	2.148317e-01
4.680000e+02	5.480000e+02	1.391600e+00	7.705394e-02	7.705394e-02
5.480000e+02	6.380000e+02	4.812600e-01	2.826861e-02	2.826861e-02
6.380000e+02	7.370000e+02	1.591400e-01	1.013618e-02	1.013618e-02
7.370000e+02	8.460000e+02	5.135000e-02	3.641620e-03	3.641620e-03
8.460000e+02	9.670000e+02	1.568000e-02	1.277638e-03	1.277638e-03
9.670000e+02	1.101000e+03	4.298700e-03	4.116181e-04	4.116181e-04
1.101000e+03	1.248000e+03	1.083700e-03	1.278146e-04	1.278146e-04
1.248000e+03	1.410000e+03	1.935200e-04	3.001272e-05	3.001272e-05
1.410000e+03	1.588000e+03	4.504500e-05	9.848151e-06	9.848151e-06
# END HISTO1D


# BEGIN HISTO1D /Paris_CUETP8M_10T_prehadron_merged.yoda/CMS_2021_I1972986/d04-x01-y01
ErrorBars=1
LineColor=red
LineStyle=solid
Path=/Paris_CUETP8M_10T_prehadron_merged.yoda/CMS_2021_I1972986/d04-x01-y01
ScaledBy=9.18178224256273097e+03
Title=PS
# xlow	 xhigh	 val	 errminus	 errplus
9.700000e+01	1.330000e+02	8.497497e+03	3.024154e+01	3.024154e+01
1.330000e+02	1.740000e+02	1.849370e+03	6.528822e+00	6.528822e+00
1.740000e+02	2.200000e+02	4.721041e+02	1.638157e+00	1.638157e+00
2.200000e+02	2.720000e+02	1.367430e+02	4.889188e-01	4.889188e-01
2.720000e+02	3.300000e+02	4.263405e+01	1.556072e-01	1.556072e-01
3.300000e+02	3.950000e+02	1.403548e+01	5.279797e-02	5.279797e-02
3.950000e+02	4.680000e+02	4.744525e+00	1.902371e-02	1.902371e-02
4.680000e+02	5.480000e+02	1.617491e+00	7.135026e-03	7.135026e-03
5.480000e+02	6.380000e+02	5.533706e-01	2.690157e-03	2.690157e-03
6.380000e+02	7.370000e+02	1.821689e-01	1.008859e-03	1.008859e-03
7.370000e+02	8.460000e+02	5.990220e-02	3.987061e-04	3.987061e-04
8.460000e+02	9.670000e+02	1.856026e-02	1.545547e-04	1.545547e-04
9.670000e+02	1.101000e+03	5.317191e-03	5.455539e-05	5.455539e-05
1.101000e+03	1.248000e+03	1.420569e-03	2.026277e-05	2.026277e-05
1.248000e+03	1.410000e+03	3.352139e-04	6.972978e-06	6.972978e-06
1.410000e+03	1.588000e+03	6.789315e-05	2.174162e-06	2.174162e-06
# END HISTO1D


# BEGIN HISTO1D /Paris_CUETP8M_10T_posthadron_merged.yoda/CMS_2021_I1972986/d04-x01-y01
ErrorBars=1
LineColor=blue
LineStyle=solid
Path=/Paris_CUETP8M_10T_posthadron_merged.yoda/CMS_2021_I1972986/d04-x01-y01
ScaledBy=5.83612060939724324e+04
Title=PS+HAD+MPI
# xlow	 xhigh	 val	 errminus	 errplus
9.700000e+01	1.330000e+02	8.433964e+03	7.602466e+01	7.602466e+01
1.330000e+02	1.740000e+02	1.844578e+03	1.664017e+01	1.664017e+01
1.740000e+02	2.200000e+02	4.770643e+02	4.324983e+00	4.324983e+00
2.200000e+02	2.720000e+02	1.376872e+02	1.225292e+00	1.225292e+00
2.720000e+02	3.300000e+02	4.213621e+01	3.766928e-01	3.766928e-01
3.300000e+02	3.950000e+02	1.401280e+01	1.315214e-01	1.315214e-01
3.950000e+02	4.680000e+02	4.698736e+00	4.837735e-02	4.837735e-02
4.680000e+02	5.480000e+02	1.595004e+00	1.777629e-02	1.777629e-02
5.480000e+02	6.380000e+02	5.355548e-01	6.396821e-03	6.396821e-03
6.380000e+02	7.370000e+02	1.808817e-01	2.553722e-03	2.553722e-03
7.370000e+02	8.460000e+02	5.929556e-02	1.006326e-03	1.006326e-03
8.460000e+02	9.670000e+02	1.806272e-02	3.536253e-04	3.536253e-04
9.670000e+02	1.101000e+03	5.370403e-03	1.396968e-04	1.396968e-04
1.101000e+03	1.248000e+03	1.389390e-03	5.144866e-05	5.144866e-05
1.248000e+03	1.410000e+03	3.685746e-04	1.935763e-05	1.935763e-05
1.410000e+03	1.588000e+03	7.295287e-05	6.157708e-06	6.157708e-06
# END HISTO1D

