# BEGIN PLOT
LegendOnly=/CMS_2021_I1972986/d21-x01-y01 /Paris_CUETP8M_10T_prehadron_merged.yoda/CMS_2021_I1972986/d21-x01-y01 /Paris_CUETP8M_10T_posthadron_merged.yoda/CMS_2021_I1972986/d21-x01-y01
DrawOnly=/CMS_2021_I1972986/d21-x01-y01 /Paris_CUETP8M_10T_prehadron_merged.yoda/CMS_2021_I1972986/d21-x01-y01 /Paris_CUETP8M_10T_posthadron_merged.yoda/CMS_2021_I1972986/d21-x01-y01
Title=CMS, $\sqrt(s)$ = 13 TeV, Inclusive AK7 jets, $0.0 < |y| < 0.5$
RatioPlotReference=/CMS_2021_I1972986/d21-x01-y01
RatioPlot=1
LogX=1
LogY=1
RatioPlotYMax=1.4
LegendXPos=0.65
XLabel=$p_{T}$ [GeV]
YLabel=d$^2\sigma$/d$p_{T}$d$y$ [pb/GeV]
LegendYPos=0.95
Legend=1
RatioPlotYMin=0.6
FullRange=1
# END PLOT

# BEGIN HISTO1D /CMS_2021_I1972986/d21-x01-y01
ConnectBins=0
ErrorBars=1
IsRef=1
Path=/CMS_2021_I1972986/d21-x01-y01
PolyMarker=*
Title=Data
# xlow	 xhigh	 val	 errminus	 errplus
9.700000e+01	1.330000e+02	1.473900e+04	7.487453e+02	7.487453e+02
1.330000e+02	1.740000e+02	3.236100e+03	1.419588e+02	1.419588e+02
1.740000e+02	2.200000e+02	8.605300e+02	3.571459e+01	3.571459e+01
2.200000e+02	2.720000e+02	2.574300e+02	1.032110e+01	1.032110e+01
2.720000e+02	3.300000e+02	8.538700e+01	3.318388e+00	3.318388e+00
3.300000e+02	3.950000e+02	2.965500e+01	1.135831e+00	1.135831e+00
3.950000e+02	4.680000e+02	1.099500e+01	4.155528e-01	4.155528e-01
4.680000e+02	5.480000e+02	4.189300e+00	1.578436e-01	1.578436e-01
5.480000e+02	6.380000e+02	1.658000e+00	6.285407e-02	6.285407e-02
6.380000e+02	7.370000e+02	6.663900e-01	2.567876e-02	2.567876e-02
7.370000e+02	8.460000e+02	2.737700e-01	1.083807e-02	1.083807e-02
8.460000e+02	9.670000e+02	1.137100e-01	4.663706e-03	4.663706e-03
9.670000e+02	1.101000e+03	4.685800e-02	2.006821e-03	2.006821e-03
1.101000e+03	1.248000e+03	1.937700e-02	8.757163e-04	8.757163e-04
1.248000e+03	1.410000e+03	7.955900e-03	3.849263e-04	3.849263e-04
1.410000e+03	1.588000e+03	3.274400e-03	1.717812e-04	1.717812e-04
1.588000e+03	1.784000e+03	1.251500e-03	7.276907e-05	7.276907e-05
1.784000e+03	2.000000e+03	4.742700e-04	3.149750e-05	3.149750e-05
2.000000e+03	2.238000e+03	1.815900e-04	1.426657e-05	1.426657e-05
2.238000e+03	2.500000e+03	6.127500e-05	6.279759e-06	6.279759e-06
2.500000e+03	2.787000e+03	1.934800e-05	2.885537e-06	2.885537e-06
2.787000e+03	3.103000e+03	4.600800e-06	1.299444e-06	1.299444e-06
# END HISTO1D


# BEGIN HISTO1D /Paris_CUETP8M_10T_prehadron_merged.yoda/CMS_2021_I1972986/d21-x01-y01
ErrorBars=1
LineColor=red
LineStyle=solid
Path=/Paris_CUETP8M_10T_prehadron_merged.yoda/CMS_2021_I1972986/d21-x01-y01
ScaledBy=9.18178224256273097e+03
Title=PS
# xlow	 xhigh	 val	 errminus	 errplus
9.700000e+01	1.330000e+02	1.563089e+04	4.502659e+01	4.502659e+01
1.330000e+02	1.740000e+02	3.490468e+03	9.830457e+00	9.830457e+00
1.740000e+02	2.200000e+02	9.287213e+02	2.591157e+00	2.591157e+00
2.200000e+02	2.720000e+02	2.804452e+02	7.908241e-01	7.908241e-01
2.720000e+02	3.300000e+02	9.271624e+01	2.610276e-01	2.610276e-01
3.300000e+02	3.950000e+02	3.282142e+01	9.380929e-02	9.380929e-02
3.950000e+02	4.680000e+02	1.212398e+01	3.489485e-02	3.489485e-02
4.680000e+02	5.480000e+02	4.693470e+00	1.421073e-02	1.421073e-02
5.480000e+02	6.380000e+02	1.861831e+00	5.761477e-03	5.761477e-03
6.380000e+02	7.370000e+02	7.570086e-01	2.481219e-03	2.481219e-03
7.370000e+02	8.460000e+02	3.125035e-01	1.060223e-03	1.060223e-03
8.460000e+02	9.670000e+02	1.304792e-01	4.830869e-04	4.830869e-04
9.670000e+02	1.101000e+03	5.423043e-02	2.114059e-04	2.114059e-04
1.101000e+03	1.248000e+03	2.240041e-02	9.486065e-05	9.486065e-05
1.248000e+03	1.410000e+03	9.253728e-03	4.337428e-05	4.337428e-05
1.410000e+03	1.588000e+03	3.636261e-03	1.925216e-05	1.925216e-05
1.588000e+03	1.784000e+03	1.429809e-03	8.799454e-06	8.799454e-06
1.784000e+03	2.000000e+03	5.299653e-04	3.824832e-06	3.824832e-06
2.000000e+03	2.238000e+03	1.877897e-04	1.654058e-06	1.654058e-06
2.238000e+03	2.500000e+03	6.177656e-05	6.754984e-07	6.754984e-07
2.500000e+03	2.787000e+03	1.823665e-05	2.751678e-07	2.751678e-07
2.787000e+03	3.103000e+03	4.948263e-06	1.047039e-07	1.047039e-07
# END HISTO1D


# BEGIN HISTO1D /Paris_CUETP8M_10T_posthadron_merged.yoda/CMS_2021_I1972986/d21-x01-y01
ErrorBars=1
LineColor=blue
LineStyle=solid
Path=/Paris_CUETP8M_10T_posthadron_merged.yoda/CMS_2021_I1972986/d21-x01-y01
ScaledBy=5.83612060939724324e+04
Title=PS+HAD+MPI
# xlow	 xhigh	 val	 errminus	 errplus
9.700000e+01	1.330000e+02	1.819524e+04	1.405266e+02	1.405266e+02
1.330000e+02	1.740000e+02	3.828437e+03	2.750958e+01	2.750958e+01
1.740000e+02	2.200000e+02	9.990815e+02	7.159092e+00	7.159092e+00
2.200000e+02	2.720000e+02	2.953612e+02	2.098957e+00	2.098957e+00
2.720000e+02	3.300000e+02	9.810952e+01	6.898446e-01	6.898446e-01
3.300000e+02	3.950000e+02	3.370898e+01	2.393454e-01	2.393454e-01
3.950000e+02	4.680000e+02	1.243990e+01	9.112999e-02	9.112999e-02
4.680000e+02	5.480000e+02	4.744248e+00	3.644667e-02	3.644667e-02
5.480000e+02	6.380000e+02	1.900962e+00	1.513870e-02	1.513870e-02
6.380000e+02	7.370000e+02	7.593370e-01	6.133797e-03	6.133797e-03
7.370000e+02	8.460000e+02	3.151480e-01	2.691065e-03	2.691065e-03
8.460000e+02	9.670000e+02	1.325525e-01	1.233446e-03	1.233446e-03
9.670000e+02	1.101000e+03	5.397522e-02	5.460775e-04	5.460775e-04
1.101000e+03	1.248000e+03	2.226772e-02	2.398820e-04	2.398820e-04
1.248000e+03	1.410000e+03	9.036475e-03	1.099102e-04	1.099102e-04
1.410000e+03	1.588000e+03	3.634102e-03	4.824330e-05	4.824330e-05
1.588000e+03	1.784000e+03	1.413418e-03	2.119212e-05	2.119212e-05
1.784000e+03	2.000000e+03	5.296194e-04	9.799171e-06	9.799171e-06
2.000000e+03	2.238000e+03	1.898042e-04	4.088174e-06	4.088174e-06
2.238000e+03	2.500000e+03	5.817859e-05	1.623116e-06	1.623116e-06
2.500000e+03	2.787000e+03	1.640331e-05	6.269160e-07	6.269160e-07
2.787000e+03	3.103000e+03	5.341152e-06	2.728844e-07	2.728844e-07
# END HISTO1D

