# BEGIN PLOT
LegendOnly=/CMS_2021_I1972986/d21-x01-y01 /suppr60_bornktmin2_1B_ParsiParams_MSTP_prehadron_merged.yoda/CMS_2021_I1972986/d21-x01-y01 /suppr60_bornktmin2_1B_ParsiParams_MSTP_posthadron_merged.yoda/CMS_2021_I1972986/d21-x01-y01
DrawOnly=/CMS_2021_I1972986/d21-x01-y01 /suppr60_bornktmin2_1B_ParsiParams_MSTP_prehadron_merged.yoda/CMS_2021_I1972986/d21-x01-y01 /suppr60_bornktmin2_1B_ParsiParams_MSTP_posthadron_merged.yoda/CMS_2021_I1972986/d21-x01-y01
Title=CMS, $\sqrt(s)$ = 13 TeV, Inclusive AK7 jets, $0.0 < |y| < 0.5$
RatioPlotReference=/CMS_2021_I1972986/d21-x01-y01
RatioPlot=1
LogX=1
LogY=1
RatioPlotYMax=1.4
LegendXPos=0.65
XLabel=$p_{T}$ [GeV]
YLabel=d$^2\sigma$/d$p_{T}$d$y$ [pb/GeV]
LegendYPos=0.95
Legend=1
RatioPlotYMin=0.6
FullRange=1
# END PLOT

# BEGIN HISTO1D /CMS_2021_I1972986/d21-x01-y01
ConnectBins=0
ErrorBars=1
IsRef=1
Path=/CMS_2021_I1972986/d21-x01-y01
PolyMarker=*
Title=Data
# xlow	 xhigh	 val	 errminus	 errplus
9.700000e+01	1.330000e+02	1.473900e+04	7.487453e+02	7.487453e+02
1.330000e+02	1.740000e+02	3.236100e+03	1.419588e+02	1.419588e+02
1.740000e+02	2.200000e+02	8.605300e+02	3.571459e+01	3.571459e+01
2.200000e+02	2.720000e+02	2.574300e+02	1.032110e+01	1.032110e+01
2.720000e+02	3.300000e+02	8.538700e+01	3.318388e+00	3.318388e+00
3.300000e+02	3.950000e+02	2.965500e+01	1.135831e+00	1.135831e+00
3.950000e+02	4.680000e+02	1.099500e+01	4.155528e-01	4.155528e-01
4.680000e+02	5.480000e+02	4.189300e+00	1.578436e-01	1.578436e-01
5.480000e+02	6.380000e+02	1.658000e+00	6.285407e-02	6.285407e-02
6.380000e+02	7.370000e+02	6.663900e-01	2.567876e-02	2.567876e-02
7.370000e+02	8.460000e+02	2.737700e-01	1.083807e-02	1.083807e-02
8.460000e+02	9.670000e+02	1.137100e-01	4.663706e-03	4.663706e-03
9.670000e+02	1.101000e+03	4.685800e-02	2.006821e-03	2.006821e-03
1.101000e+03	1.248000e+03	1.937700e-02	8.757163e-04	8.757163e-04
1.248000e+03	1.410000e+03	7.955900e-03	3.849263e-04	3.849263e-04
1.410000e+03	1.588000e+03	3.274400e-03	1.717812e-04	1.717812e-04
1.588000e+03	1.784000e+03	1.251500e-03	7.276907e-05	7.276907e-05
1.784000e+03	2.000000e+03	4.742700e-04	3.149750e-05	3.149750e-05
2.000000e+03	2.238000e+03	1.815900e-04	1.426657e-05	1.426657e-05
2.238000e+03	2.500000e+03	6.127500e-05	6.279759e-06	6.279759e-06
2.500000e+03	2.787000e+03	1.934800e-05	2.885537e-06	2.885537e-06
2.787000e+03	3.103000e+03	4.600800e-06	1.299444e-06	1.299444e-06
# END HISTO1D


# BEGIN HISTO1D /suppr60_bornktmin2_1B_ParsiParams_MSTP_prehadron_merged.yoda/CMS_2021_I1972986/d21-x01-y01
ErrorBars=1
LineColor=red
LineStyle=solid
Path=/suppr60_bornktmin2_1B_ParsiParams_MSTP_prehadron_merged.yoda/CMS_2021_I1972986/d21-x01-y01
ScaledBy=3.25750088441148911e-07
Title=PS
# xlow	 xhigh	 val	 errminus	 errplus
9.700000e+01	1.330000e+02	1.948854e+04	3.967161e+03	3.967161e+03
1.330000e+02	1.740000e+02	3.302917e+03	4.425571e+01	4.425571e+01
1.740000e+02	2.200000e+02	8.567637e+02	1.168286e+01	1.168286e+01
2.200000e+02	2.720000e+02	2.646365e+02	5.881983e+00	5.881983e+00
2.720000e+02	3.300000e+02	8.612779e+01	3.216577e+00	3.216577e+00
3.300000e+02	3.950000e+02	2.847085e+01	1.657476e+00	1.657476e+00
3.950000e+02	4.680000e+02	1.169766e+01	9.200129e-01	9.200129e-01
4.680000e+02	5.480000e+02	3.934148e+00	4.244296e-01	4.244296e-01
5.480000e+02	6.380000e+02	1.640951e+00	2.493115e-01	2.493115e-01
6.380000e+02	7.370000e+02	5.599819e-01	1.358269e-01	1.358269e-01
7.370000e+02	8.460000e+02	4.156920e-01	1.111024e-01	1.111024e-01
8.460000e+02	9.670000e+02	5.316527e-02	3.759352e-02	3.759352e-02
9.670000e+02	1.101000e+03	7.185181e-02	4.148385e-02	4.148385e-02
1.101000e+03	1.248000e+03	0.000000e+00	0.000000e+00	0.000000e+00
1.248000e+03	1.410000e+03	0.000000e+00	0.000000e+00	0.000000e+00
1.410000e+03	1.588000e+03	0.000000e+00	0.000000e+00	0.000000e+00
1.588000e+03	1.784000e+03	0.000000e+00	0.000000e+00	0.000000e+00
1.784000e+03	2.000000e+03	0.000000e+00	0.000000e+00	0.000000e+00
2.000000e+03	2.238000e+03	0.000000e+00	0.000000e+00	0.000000e+00
2.238000e+03	2.500000e+03	0.000000e+00	0.000000e+00	0.000000e+00
2.500000e+03	2.787000e+03	0.000000e+00	0.000000e+00	0.000000e+00
2.787000e+03	3.103000e+03	0.000000e+00	0.000000e+00	0.000000e+00
# END HISTO1D


# BEGIN HISTO1D /suppr60_bornktmin2_1B_ParsiParams_MSTP_posthadron_merged.yoda/CMS_2021_I1972986/d21-x01-y01
ErrorBars=1
LineColor=blue
LineStyle=solid
Path=/suppr60_bornktmin2_1B_ParsiParams_MSTP_posthadron_merged.yoda/CMS_2021_I1972986/d21-x01-y01
ScaledBy=7.10333217312241316e-06
Title=PS+MPI+HAD
# xlow	 xhigh	 val	 errminus	 errplus
9.700000e+01	1.330000e+02	1.794200e+04	7.794264e+02	7.794264e+02
1.330000e+02	1.740000e+02	3.318366e+03	1.146602e+02	1.146602e+02
1.740000e+02	2.200000e+02	9.451824e+02	5.068130e+01	5.068130e+01
2.200000e+02	2.720000e+02	2.716308e+02	2.120961e+01	2.120961e+01
2.720000e+02	3.300000e+02	8.263428e+01	1.068687e+01	1.068687e+01
3.300000e+02	3.950000e+02	4.082143e+01	7.359189e+00	7.359189e+00
3.950000e+02	4.680000e+02	1.244992e+01	4.005493e+00	4.005493e+00
4.680000e+02	5.480000e+02	5.449477e+00	2.225358e+00	2.225358e+00
5.480000e+02	6.380000e+02	0.000000e+00	0.000000e+00	0.000000e+00
6.380000e+02	7.370000e+02	7.131380e-01	7.131380e-01	7.131380e-01
7.370000e+02	8.460000e+02	1.295230e+00	9.158664e-01	9.158664e-01
8.460000e+02	9.670000e+02	0.000000e+00	0.000000e+00	0.000000e+00
9.670000e+02	1.101000e+03	0.000000e+00	0.000000e+00	0.000000e+00
1.101000e+03	1.248000e+03	0.000000e+00	0.000000e+00	0.000000e+00
1.248000e+03	1.410000e+03	0.000000e+00	0.000000e+00	0.000000e+00
1.410000e+03	1.588000e+03	0.000000e+00	0.000000e+00	0.000000e+00
1.588000e+03	1.784000e+03	0.000000e+00	0.000000e+00	0.000000e+00
1.784000e+03	2.000000e+03	0.000000e+00	0.000000e+00	0.000000e+00
2.000000e+03	2.238000e+03	0.000000e+00	0.000000e+00	0.000000e+00
2.238000e+03	2.500000e+03	0.000000e+00	0.000000e+00	0.000000e+00
2.500000e+03	2.787000e+03	0.000000e+00	0.000000e+00	0.000000e+00
2.787000e+03	3.103000e+03	0.000000e+00	0.000000e+00	0.000000e+00
# END HISTO1D

