# BEGIN PLOT
LegendOnly=/suppr800_bornktmin600_1B_ParisParams_MSTP_prehadron_merged.yoda/MC_JETS/jets_deta_23 /suppr800_bornktmin600_1B_ParisParams_MSTP_posthadron_merged.yoda/MC_JETS/jets_deta_23
DrawOnly=/suppr800_bornktmin600_1B_ParisParams_MSTP_prehadron_merged.yoda/MC_JETS/jets_deta_23 /suppr800_bornktmin600_1B_ParisParams_MSTP_posthadron_merged.yoda/MC_JETS/jets_deta_23
Title=Pseudorapidity separation between jets
RatioPlot=1
LogY=1
RatioPlotYLabel=Ratio
RatioPlotReference=/suppr800_bornktmin600_1B_ParisParams_MSTP_prehadron_merged.yoda/MC_JETS/jets_deta_23
LegendXPos=0.30
XLabel=$\Delta\eta(\mathrm{jet~2,~jet~3})$
YLabel=$\mathrm{d}\sigma/\mathrm{d}\Delta\eta(\mathrm{jet~2,~jet~3})$ [pb]
LegendYPos=0.5
Legend=1
# END PLOT

# BEGIN HISTO1D /suppr800_bornktmin600_1B_ParisParams_MSTP_prehadron_merged.yoda/MC_JETS/jets_deta_23
ErrorBars=1
LineColor=red
LineStyle=solid
Path=/suppr800_bornktmin600_1B_ParisParams_MSTP_prehadron_merged.yoda/MC_JETS/jets_deta_23
ScaledBy=7.25646247661192894e-07
Title=PS
# xlow	 xhigh	 val	 errminus	 errplus
-5.000000e+00	-4.600000e+00	9.114632e-01	2.424294e-02	2.424294e-02
-4.600000e+00	-4.200000e+00	1.616540e+00	3.247509e-02	3.247509e-02
-4.200000e+00	-3.800000e+00	2.619445e+00	4.111507e-02	4.111507e-02
-3.800000e+00	-3.400000e+00	4.159568e+00	5.139767e-02	5.139767e-02
-3.400000e+00	-3.000000e+00	6.380113e+00	6.387867e-02	6.387867e-02
-3.000000e+00	-2.600000e+00	9.323303e+00	7.680838e-02	7.680838e-02
-2.600000e+00	-2.200000e+00	1.363584e+01	9.286088e-02	9.286088e-02
-2.200000e+00	-1.800000e+00	1.957170e+01	1.109124e-01	1.109124e-01
-1.800000e+00	-1.400000e+00	2.795400e+01	1.324141e-01	1.324141e-01
-1.400000e+00	-1.000000e+00	4.088458e+01	1.597452e-01	1.597452e-01
-1.000000e+00	-6.000000e-01	6.347185e+01	1.988274e-01	1.988274e-01
-6.000000e-01	-2.000000e-01	9.153992e+01	2.384862e-01	2.384862e-01
-2.000000e-01	2.000000e-01	7.167345e+01	2.109177e-01	2.109177e-01
2.000000e-01	6.000000e-01	9.207765e+01	2.392958e-01	2.392958e-01
6.000000e-01	1.000000e+00	6.381583e+01	1.992076e-01	1.992076e-01
1.000000e+00	1.400000e+00	4.090483e+01	1.595983e-01	1.595983e-01
1.400000e+00	1.800000e+00	2.789207e+01	1.320146e-01	1.320146e-01
1.800000e+00	2.200000e+00	1.941194e+01	1.103690e-01	1.103690e-01
2.200000e+00	2.600000e+00	1.351117e+01	9.240914e-02	9.240914e-02
2.600000e+00	3.000000e+00	9.414648e+00	7.725605e-02	7.725605e-02
3.000000e+00	3.400000e+00	6.245843e+00	6.296608e-02	6.296608e-02
3.400000e+00	3.800000e+00	4.279093e+00	5.245757e-02	5.245757e-02
3.800000e+00	4.200000e+00	2.679117e+00	4.148121e-02	4.148121e-02
4.200000e+00	4.600000e+00	1.630734e+00	3.271047e-02	3.271047e-02
4.600000e+00	5.000000e+00	9.410737e-01	2.481438e-02	2.481438e-02
# END HISTO1D


# BEGIN HISTO1D /suppr800_bornktmin600_1B_ParisParams_MSTP_posthadron_merged.yoda/MC_JETS/jets_deta_23
ErrorBars=1
LineColor=blue
LineStyle=solid
Path=/suppr800_bornktmin600_1B_ParisParams_MSTP_posthadron_merged.yoda/MC_JETS/jets_deta_23
ScaledBy=2.03839766012782301e-06
Title=PS+MPI+HAD
# xlow	 xhigh	 val	 errminus	 errplus
-5.000000e+00	-4.600000e+00	8.808560e-01	3.967761e-02	3.967761e-02
-4.600000e+00	-4.200000e+00	1.565769e+00	5.334069e-02	5.334069e-02
-4.200000e+00	-3.800000e+00	2.638420e+00	6.921621e-02	6.921621e-02
-3.800000e+00	-3.400000e+00	4.196060e+00	8.666693e-02	8.666693e-02
-3.400000e+00	-3.000000e+00	6.464398e+00	1.077939e-01	1.077939e-01
-3.000000e+00	-2.600000e+00	9.353333e+00	1.289532e-01	1.289532e-01
-2.600000e+00	-2.200000e+00	1.378476e+01	1.567867e-01	1.567867e-01
-2.200000e+00	-1.800000e+00	1.964617e+01	1.862197e-01	1.862197e-01
-1.800000e+00	-1.400000e+00	2.796967e+01	2.220099e-01	2.220099e-01
-1.400000e+00	-1.000000e+00	4.077195e+01	2.671566e-01	2.671566e-01
-1.000000e+00	-6.000000e-01	6.340227e+01	3.332160e-01	3.332160e-01
-6.000000e-01	-2.000000e-01	9.146305e+01	3.996338e-01	3.996338e-01
-2.000000e-01	2.000000e-01	7.185365e+01	3.539233e-01	3.539233e-01
2.000000e-01	6.000000e-01	9.190283e+01	4.003843e-01	4.003843e-01
6.000000e-01	1.000000e+00	6.407150e+01	3.350538e-01	3.350538e-01
1.000000e+00	1.400000e+00	4.094593e+01	2.677185e-01	2.677185e-01
1.400000e+00	1.800000e+00	2.788632e+01	2.215511e-01	2.215511e-01
1.800000e+00	2.200000e+00	1.923108e+01	1.842823e-01	1.842823e-01
2.200000e+00	2.600000e+00	1.341826e+01	1.546166e-01	1.546166e-01
2.600000e+00	3.000000e+00	9.397268e+00	1.290912e-01	1.290912e-01
3.000000e+00	3.400000e+00	6.326058e+00	1.064588e-01	1.064588e-01
3.400000e+00	3.800000e+00	4.412180e+00	8.952974e-02	8.952974e-02
3.800000e+00	4.200000e+00	2.697697e+00	6.973065e-02	6.973065e-02
4.200000e+00	4.600000e+00	1.688916e+00	5.568078e-02	5.568078e-02
4.600000e+00	5.000000e+00	9.923260e-01	4.309294e-02	4.309294e-02
# END HISTO1D

