# BEGIN PLOT
LegendOnly=/suppr800_bornktmin600_1B_ParisParams_MSTP_prehadron_merged.yoda/MC_JETS/jet_mass_4 /suppr800_bornktmin600_1B_ParisParams_MSTP_posthadron_merged.yoda/MC_JETS/jet_mass_4
DrawOnly=/suppr800_bornktmin600_1B_ParisParams_MSTP_prehadron_merged.yoda/MC_JETS/jet_mass_4 /suppr800_bornktmin600_1B_ParisParams_MSTP_posthadron_merged.yoda/MC_JETS/jet_mass_4
Title=Mass of fourth jet
RatioPlotReference=/suppr800_bornktmin600_1B_ParisParams_MSTP_prehadron_merged.yoda/MC_JETS/jet_mass_4
RatioPlot=1
LogY=1
RatioPlotYLabel=Ratio
XLabel=$m(\mathrm{jet~4})$ [GeV]
YLabel=$\mathrm{d}\sigma/\mathrm{d}m(\mathrm{jet~4})$ [pb/GeV]
Legend=1
# END PLOT

# BEGIN HISTO1D /suppr800_bornktmin600_1B_ParisParams_MSTP_prehadron_merged.yoda/MC_JETS/jet_mass_4
ErrorBars=1
LineColor=red
LineStyle=solid
Path=/suppr800_bornktmin600_1B_ParisParams_MSTP_prehadron_merged.yoda/MC_JETS/jet_mass_4
ScaledBy=7.25646247661192894e-07
Title=PS
# xlow	 xhigh	 val	 errminus	 errplus
1.000000e+00	1.202264e+00	4.953170e+00	7.857080e-02	7.857080e-02
1.202264e+00	1.445440e+00	8.148617e+00	9.203145e-02	9.203145e-02
1.445440e+00	1.737801e+00	1.499582e+01	1.141036e-01	1.141036e-01
1.737801e+00	2.089296e+00	1.324149e+01	9.771754e-02	9.771754e-02
2.089296e+00	2.511886e+00	1.605089e+01	9.795661e-02	9.795661e-02
2.511886e+00	3.019952e+00	1.886610e+01	9.719055e-02	9.719055e-02
3.019952e+00	3.630781e+00	2.114382e+01	9.370835e-02	9.370835e-02
3.630781e+00	4.365158e+00	2.151968e+01	8.615612e-02	8.615612e-02
4.365158e+00	5.248075e+00	2.256366e+01	8.039175e-02	8.039175e-02
5.248075e+00	6.309573e+00	1.812315e+01	6.564689e-02	6.564689e-02
6.309573e+00	7.585776e+00	1.505557e+01	5.460253e-02	5.460253e-02
7.585776e+00	9.120108e+00	1.197169e+01	4.428933e-02	4.428933e-02
9.120108e+00	1.096478e+01	9.290508e+00	3.548295e-02	3.548295e-02
1.096478e+01	1.318257e+01	6.881815e+00	2.775901e-02	2.775901e-02
1.318257e+01	1.584893e+01	4.882113e+00	2.123963e-02	2.123963e-02
1.584893e+01	1.905461e+01	3.203579e+00	1.556721e-02	1.556721e-02
1.905461e+01	2.290868e+01	1.994244e+00	1.110026e-02	1.110026e-02
2.290868e+01	2.754229e+01	1.154053e+00	7.618638e-03	7.618638e-03
2.754229e+01	3.311311e+01	5.990938e-01	4.936266e-03	4.936266e-03
3.311311e+01	3.981072e+01	2.742404e-01	2.982328e-03	2.982328e-03
3.981072e+01	4.786301e+01	1.139048e-01	1.694954e-03	1.694954e-03
4.786301e+01	5.754399e+01	4.012154e-02	8.795918e-04	8.795918e-04
5.754399e+01	6.918310e+01	1.180872e-02	4.124737e-04	4.124737e-04
6.918310e+01	8.317638e+01	3.319768e-03	1.908490e-04	1.908490e-04
8.317638e+01	1.000000e+02	7.161532e-04	7.497973e-05	7.497973e-05
# END HISTO1D


# BEGIN HISTO1D /suppr800_bornktmin600_1B_ParisParams_MSTP_posthadron_merged.yoda/MC_JETS/jet_mass_4
ErrorBars=1
LineColor=blue
LineStyle=solid
Path=/suppr800_bornktmin600_1B_ParisParams_MSTP_posthadron_merged.yoda/MC_JETS/jet_mass_4
ScaledBy=2.03839766012782301e-06
Title=PS+MPI+HAD
# xlow	 xhigh	 val	 errminus	 errplus
1.000000e+00	1.202264e+00	4.965876e+00	1.318342e-01	1.318342e-01
1.202264e+00	1.445440e+00	8.135976e+00	1.546410e-01	1.546410e-01
1.445440e+00	1.737801e+00	1.498399e+01	1.913549e-01	1.913549e-01
1.737801e+00	2.089296e+00	1.342711e+01	1.648858e-01	1.648858e-01
2.089296e+00	2.511886e+00	1.595728e+01	1.637042e-01	1.637042e-01
2.511886e+00	3.019952e+00	1.866805e+01	1.618372e-01	1.618372e-01
3.019952e+00	3.630781e+00	2.119153e+01	1.571306e-01	1.571306e-01
3.630781e+00	4.365158e+00	2.150047e+01	1.441919e-01	1.441919e-01
4.365158e+00	5.248075e+00	2.273583e+01	1.353092e-01	1.353092e-01
5.248075e+00	6.309573e+00	1.817854e+01	1.101657e-01	1.101657e-01
6.309573e+00	7.585776e+00	1.510373e+01	9.189093e-02	9.189093e-02
7.585776e+00	9.120108e+00	1.195154e+01	7.423011e-02	7.423011e-02
9.120108e+00	1.096478e+01	9.236531e+00	5.925832e-02	5.925832e-02
1.096478e+01	1.318257e+01	6.880863e+00	4.653242e-02	4.653242e-02
1.318257e+01	1.584893e+01	4.863713e+00	3.552130e-02	3.552130e-02
1.584893e+01	1.905461e+01	3.168195e+00	2.591910e-02	2.591910e-02
1.905461e+01	2.290868e+01	2.011873e+00	1.870912e-02	1.870912e-02
2.290868e+01	2.754229e+01	1.154643e+00	1.275795e-02	1.275795e-02
2.754229e+01	3.311311e+01	6.151317e-01	8.428399e-03	8.428399e-03
3.311311e+01	3.981072e+01	2.807528e-01	5.099375e-03	5.099375e-03
3.981072e+01	4.786301e+01	1.157006e-01	2.869788e-03	2.869788e-03
4.786301e+01	5.754399e+01	4.177046e-02	1.522876e-03	1.522876e-03
5.754399e+01	6.918310e+01	1.149826e-02	6.735227e-04	6.735227e-04
6.918310e+01	8.317638e+01	3.408170e-03	3.295945e-04	3.295945e-04
8.317638e+01	1.000000e+02	7.088284e-04	1.154102e-04	1.154102e-04
# END HISTO1D

