# BEGIN PLOT
LegendOnly=/suppr800_bornktmin600_1B_ParisParams_MSTP_prehadron_merged.yoda/MC_JETS/jet_mass_3 /suppr800_bornktmin600_1B_ParisParams_MSTP_posthadron_merged.yoda/MC_JETS/jet_mass_3
DrawOnly=/suppr800_bornktmin600_1B_ParisParams_MSTP_prehadron_merged.yoda/MC_JETS/jet_mass_3 /suppr800_bornktmin600_1B_ParisParams_MSTP_posthadron_merged.yoda/MC_JETS/jet_mass_3
Title=Mass of third jet
RatioPlotReference=/suppr800_bornktmin600_1B_ParisParams_MSTP_prehadron_merged.yoda/MC_JETS/jet_mass_3
RatioPlot=1
LogY=1
RatioPlotYLabel=Ratio
XLabel=$m(\mathrm{jet~3})$ [GeV]
YLabel=$\mathrm{d}\sigma/\mathrm{d}m(\mathrm{jet~3})$ [pb/GeV]
Legend=1
# END PLOT

# BEGIN HISTO1D /suppr800_bornktmin600_1B_ParisParams_MSTP_prehadron_merged.yoda/MC_JETS/jet_mass_3
ErrorBars=1
LineColor=red
LineStyle=solid
Path=/suppr800_bornktmin600_1B_ParisParams_MSTP_prehadron_merged.yoda/MC_JETS/jet_mass_3
ScaledBy=7.25646247661192894e-07
Title=PS
# xlow	 xhigh	 val	 errminus	 errplus
1.000000e+00	1.149757e+00	2.273844e+00	6.208677e-02	6.208677e-02
1.149757e+00	1.321941e+00	3.647428e+00	7.349176e-02	7.349176e-02
1.321941e+00	1.519911e+00	8.525378e+00	1.053159e-01	1.053159e-01
1.519911e+00	1.747528e+00	5.768190e+00	8.035036e-02	8.035036e-02
1.747528e+00	2.009233e+00	6.831161e+00	8.187083e-02	8.187083e-02
2.009233e+00	2.310130e+00	7.888168e+00	8.188550e-02	8.188550e-02
2.310130e+00	2.656088e+00	9.272839e+00	8.280340e-02	8.280340e-02
2.656088e+00	3.053856e+00	1.064788e+01	8.270664e-02	8.270664e-02
3.053856e+00	3.511192e+00	1.176898e+01	8.134105e-02	8.134105e-02
3.511192e+00	4.037017e+00	1.255006e+01	7.814502e-02	7.814502e-02
4.037017e+00	4.641589e+00	1.294786e+01	7.395390e-02	7.395390e-02
4.641589e+00	5.336699e+00	1.506316e+01	7.458283e-02	7.458283e-02
5.336699e+00	6.135907e+00	1.320736e+01	6.510915e-02	6.510915e-02
6.135907e+00	7.054802e+00	1.253756e+01	5.902981e-02	5.902981e-02
7.054802e+00	8.111308e+00	1.211284e+01	5.418383e-02	5.418383e-02
8.111308e+00	9.326033e+00	1.149633e+01	4.928312e-02	4.928312e-02
9.326033e+00	1.072267e+01	1.060747e+01	4.414998e-02	4.414998e-02
1.072267e+01	1.232847e+01	9.807685e+00	3.949612e-02	3.949612e-02
1.232847e+01	1.417474e+01	8.830577e+00	3.492952e-02	3.492952e-02
1.417474e+01	1.629751e+01	7.783439e+00	3.048494e-02	3.048494e-02
1.629751e+01	1.873817e+01	6.673740e+00	2.626969e-02	2.626969e-02
1.873817e+01	2.154435e+01	5.497930e+00	2.211587e-02	2.211587e-02
2.154435e+01	2.477076e+01	4.391299e+00	1.830334e-02	1.830334e-02
2.477076e+01	2.848036e+01	3.377518e+00	1.490780e-02	1.490780e-02
2.848036e+01	3.274549e+01	2.467189e+00	1.177790e-02	1.177790e-02
3.274549e+01	3.764936e+01	1.730765e+00	9.091958e-03	9.091958e-03
3.764936e+01	4.328761e+01	1.117265e+00	6.714307e-03	6.714307e-03
4.328761e+01	4.977024e+01	6.721431e-01	4.749356e-03	4.749356e-03
4.977024e+01	5.722368e+01	3.806127e-01	3.251861e-03	3.251861e-03
5.722368e+01	6.579332e+01	1.896214e-01	2.057981e-03	2.057981e-03
6.579332e+01	7.564633e+01	8.153710e-02	1.196134e-03	1.196134e-03
7.564633e+01	8.697490e+01	3.306518e-02	6.642124e-04	6.642124e-04
8.697490e+01	1.000000e+02	1.152615e-02	3.402468e-04	3.402468e-04
# END HISTO1D


# BEGIN HISTO1D /suppr800_bornktmin600_1B_ParisParams_MSTP_posthadron_merged.yoda/MC_JETS/jet_mass_3
ErrorBars=1
LineColor=blue
LineStyle=solid
Path=/suppr800_bornktmin600_1B_ParisParams_MSTP_posthadron_merged.yoda/MC_JETS/jet_mass_3
ScaledBy=2.03839766012782301e-06
Title=PS+MPI+HAD
# xlow	 xhigh	 val	 errminus	 errplus
1.000000e+00	1.149757e+00	2.233351e+00	1.034405e-01	1.034405e-01
1.149757e+00	1.321941e+00	3.485171e+00	1.190904e-01	1.190904e-01
1.321941e+00	1.519911e+00	8.613714e+00	1.774196e-01	1.774196e-01
1.519911e+00	1.747528e+00	5.720359e+00	1.339528e-01	1.339528e-01
1.747528e+00	2.009233e+00	6.908336e+00	1.378403e-01	1.378403e-01
2.009233e+00	2.310130e+00	7.898527e+00	1.372968e-01	1.372968e-01
2.310130e+00	2.656088e+00	9.189844e+00	1.381866e-01	1.381866e-01
2.656088e+00	3.053856e+00	1.053852e+01	1.376346e-01	1.376346e-01
3.053856e+00	3.511192e+00	1.191663e+01	1.373471e-01	1.373471e-01
3.511192e+00	4.037017e+00	1.264255e+01	1.316708e-01	1.316708e-01
4.037017e+00	4.641589e+00	1.301639e+01	1.245715e-01	1.245715e-01
4.641589e+00	5.336699e+00	1.517344e+01	1.256480e-01	1.256480e-01
5.336699e+00	6.135907e+00	1.327175e+01	1.093900e-01	1.093900e-01
6.135907e+00	7.054802e+00	1.260158e+01	9.924487e-02	9.924487e-02
7.054802e+00	8.111308e+00	1.212468e+01	9.087509e-02	9.087509e-02
8.111308e+00	9.326033e+00	1.151106e+01	8.251812e-02	8.251812e-02
9.326033e+00	1.072267e+01	1.052940e+01	7.360395e-02	7.360395e-02
1.072267e+01	1.232847e+01	9.894233e+00	6.665391e-02	6.665391e-02
1.232847e+01	1.417474e+01	8.825719e+00	5.861691e-02	5.861691e-02
1.417474e+01	1.629751e+01	7.751509e+00	5.105814e-02	5.105814e-02
1.629751e+01	1.873817e+01	6.667709e+00	4.396846e-02	4.396846e-02
1.873817e+01	2.154435e+01	5.488012e+00	3.700084e-02	3.700084e-02
2.154435e+01	2.477076e+01	4.415924e+00	3.076103e-02	3.076103e-02
2.477076e+01	2.848036e+01	3.355968e+00	2.489277e-02	2.489277e-02
2.848036e+01	3.274549e+01	2.468387e+00	1.974527e-02	1.974527e-02
3.274549e+01	3.764936e+01	1.727619e+00	1.523351e-02	1.523351e-02
3.764936e+01	4.328761e+01	1.110975e+00	1.122942e-02	1.122942e-02
4.328761e+01	4.977024e+01	6.760611e-01	7.991772e-03	7.991772e-03
4.977024e+01	5.722368e+01	3.776647e-01	5.440071e-03	5.440071e-03
5.722368e+01	6.579332e+01	1.918225e-01	3.474572e-03	3.474572e-03
6.579332e+01	7.564633e+01	8.390544e-02	2.022731e-03	2.022731e-03
7.564633e+01	8.697490e+01	3.208822e-02	1.087795e-03	1.087795e-03
8.697490e+01	1.000000e+02	1.076105e-02	5.487706e-04	5.487706e-04
# END HISTO1D

