# BEGIN PLOT
LegendOnly=/suppr800_bornktmin600_1B_ParisParams_MSTP_prehadron_merged.yoda/MC_JETS/jets_deta_13 /suppr800_bornktmin600_1B_ParisParams_MSTP_posthadron_merged.yoda/MC_JETS/jets_deta_13
DrawOnly=/suppr800_bornktmin600_1B_ParisParams_MSTP_prehadron_merged.yoda/MC_JETS/jets_deta_13 /suppr800_bornktmin600_1B_ParisParams_MSTP_posthadron_merged.yoda/MC_JETS/jets_deta_13
Title=Pseudorapidity separation between jets
RatioPlot=1
LogY=1
RatioPlotYLabel=Ratio
RatioPlotReference=/suppr800_bornktmin600_1B_ParisParams_MSTP_prehadron_merged.yoda/MC_JETS/jets_deta_13
LegendXPos=0.30
XLabel=$\Delta\eta(\mathrm{jet~1,~jet~3})$
YLabel=$\mathrm{d}\sigma/\mathrm{d}\Delta\eta(\mathrm{jet~1,~jet~3})$ [pb]
LegendYPos=0.5
Legend=1
# END PLOT

# BEGIN HISTO1D /suppr800_bornktmin600_1B_ParisParams_MSTP_prehadron_merged.yoda/MC_JETS/jets_deta_13
ErrorBars=1
LineColor=red
LineStyle=solid
Path=/suppr800_bornktmin600_1B_ParisParams_MSTP_prehadron_merged.yoda/MC_JETS/jets_deta_13
ScaledBy=7.25646247661192894e-07
Title=PS
# xlow	 xhigh	 val	 errminus	 errplus
-5.000000e+00	-4.600000e+00	9.955075e-01	2.553004e-02	2.553004e-02
-4.600000e+00	-4.200000e+00	1.828308e+00	3.453869e-02	3.453869e-02
-4.200000e+00	-3.800000e+00	2.999112e+00	4.423348e-02	4.423348e-02
-3.800000e+00	-3.400000e+00	5.062783e+00	5.737789e-02	5.737789e-02
-3.400000e+00	-3.000000e+00	8.168765e+00	7.242009e-02	7.242009e-02
-3.000000e+00	-2.600000e+00	1.308587e+01	9.152858e-02	9.152858e-02
-2.600000e+00	-2.200000e+00	1.971208e+01	1.120346e-01	1.120346e-01
-2.200000e+00	-1.800000e+00	2.814345e+01	1.332701e-01	1.332701e-01
-1.800000e+00	-1.400000e+00	3.789867e+01	1.540973e-01	1.540973e-01
-1.400000e+00	-1.000000e+00	4.801578e+01	1.727983e-01	1.727983e-01
-1.000000e+00	-6.000000e-01	5.662447e+01	1.871841e-01	1.871841e-01
-6.000000e-01	-2.000000e-01	6.327775e+01	1.977213e-01	1.977213e-01
-2.000000e-01	2.000000e-01	6.436870e+01	1.990730e-01	1.990730e-01
2.000000e-01	6.000000e-01	6.376910e+01	1.985199e-01	1.985199e-01
6.000000e-01	1.000000e+00	5.657212e+01	1.871637e-01	1.871637e-01
1.000000e+00	1.400000e+00	4.782195e+01	1.722106e-01	1.722106e-01
1.400000e+00	1.800000e+00	3.815707e+01	1.545386e-01	1.545386e-01
1.800000e+00	2.200000e+00	2.835810e+01	1.337745e-01	1.337745e-01
2.200000e+00	2.600000e+00	1.943605e+01	1.110198e-01	1.110198e-01
2.600000e+00	3.000000e+00	1.303670e+01	9.174700e-02	9.174700e-02
3.000000e+00	3.400000e+00	8.155850e+00	7.262701e-02	7.262701e-02
3.400000e+00	3.800000e+00	5.050668e+00	5.719862e-02	5.719862e-02
3.800000e+00	4.200000e+00	3.091460e+00	4.482894e-02	4.482894e-02
4.200000e+00	4.600000e+00	1.751532e+00	3.387160e-02	3.387160e-02
4.600000e+00	5.000000e+00	1.046272e+00	2.618626e-02	2.618626e-02
# END HISTO1D


# BEGIN HISTO1D /suppr800_bornktmin600_1B_ParisParams_MSTP_posthadron_merged.yoda/MC_JETS/jets_deta_13
ErrorBars=1
LineColor=blue
LineStyle=solid
Path=/suppr800_bornktmin600_1B_ParisParams_MSTP_posthadron_merged.yoda/MC_JETS/jets_deta_13
ScaledBy=2.03839766012782301e-06
Title=PS+MPI+HAD
# xlow	 xhigh	 val	 errminus	 errplus
-5.000000e+00	-4.600000e+00	1.033944e+00	4.348785e-02	4.348785e-02
-4.600000e+00	-4.200000e+00	1.859841e+00	5.847252e-02	5.847252e-02
-4.200000e+00	-3.800000e+00	2.892430e+00	7.272720e-02	7.272720e-02
-3.800000e+00	-3.400000e+00	5.164250e+00	9.698482e-02	9.698482e-02
-3.400000e+00	-3.000000e+00	8.185845e+00	1.217669e-01	1.217669e-01
-3.000000e+00	-2.600000e+00	1.307669e+01	1.536787e-01	1.536787e-01
-2.600000e+00	-2.200000e+00	1.981768e+01	1.882596e-01	1.882596e-01
-2.200000e+00	-1.800000e+00	2.810770e+01	2.234663e-01	2.234663e-01
-1.800000e+00	-1.400000e+00	3.830892e+01	2.599526e-01	2.599526e-01
-1.400000e+00	-1.000000e+00	4.802625e+01	2.897352e-01	2.897352e-01
-1.000000e+00	-6.000000e-01	5.641085e+01	3.131037e-01	3.131037e-01
-6.000000e-01	-2.000000e-01	6.353493e+01	3.319944e-01	3.319944e-01
-2.000000e-01	2.000000e-01	6.447145e+01	3.334222e-01	3.334222e-01
2.000000e-01	6.000000e-01	6.373318e+01	3.329208e-01	3.329208e-01
6.000000e-01	1.000000e+00	5.597505e+01	3.116396e-01	3.116396e-01
1.000000e+00	1.400000e+00	4.775870e+01	2.885259e-01	2.885259e-01
1.400000e+00	1.800000e+00	3.830752e+01	2.599984e-01	2.599984e-01
1.800000e+00	2.200000e+00	2.823645e+01	2.241798e-01	2.241798e-01
2.200000e+00	2.600000e+00	1.955566e+01	1.870160e-01	1.870160e-01
2.600000e+00	3.000000e+00	1.308941e+01	1.540099e-01	1.540099e-01
3.000000e+00	3.400000e+00	8.213358e+00	1.222478e-01	1.222478e-01
3.400000e+00	3.800000e+00	5.073893e+00	9.607998e-02	9.607998e-02
3.800000e+00	4.200000e+00	3.141295e+00	7.571439e-02	7.571439e-02
4.200000e+00	4.600000e+00	1.865070e+00	5.879659e-02	5.879659e-02
4.600000e+00	5.000000e+00	1.097728e+00	4.490447e-02	4.490447e-02
# END HISTO1D

