# BEGIN PLOT
LegendOnly=/suppr800_bornktmin600_1B_ParisParams_MSTP_prehadron_merged.yoda/MC_JETS/jets_dR_13 /suppr800_bornktmin600_1B_ParisParams_MSTP_posthadron_merged.yoda/MC_JETS/jets_dR_13
DrawOnly=/suppr800_bornktmin600_1B_ParisParams_MSTP_prehadron_merged.yoda/MC_JETS/jets_dR_13 /suppr800_bornktmin600_1B_ParisParams_MSTP_posthadron_merged.yoda/MC_JETS/jets_dR_13
Title=$\Delta R$ separation between jets
RatioPlot=1
LogY=1
RatioPlotYLabel=Ratio
RatioPlotReference=/suppr800_bornktmin600_1B_ParisParams_MSTP_prehadron_merged.yoda/MC_JETS/jets_dR_13
LegendXPos=0.10
XLabel=$\Delta{R}(\mathrm{jet~1,~jet~3})$
YLabel=$\mathrm{d}\sigma/\mathrm{d}\Delta{R}(\mathrm{jet~1,~jet~3})$ [pb]
LegendYPos=0.5
Legend=1
# END PLOT

# BEGIN HISTO1D /suppr800_bornktmin600_1B_ParisParams_MSTP_prehadron_merged.yoda/MC_JETS/jets_dR_13
ErrorBars=1
LineColor=red
LineStyle=solid
Path=/suppr800_bornktmin600_1B_ParisParams_MSTP_prehadron_merged.yoda/MC_JETS/jets_dR_13
ScaledBy=7.25646247661192894e-07
Title=PS
# xlow	 xhigh	 val	 errminus	 errplus
0.000000e+00	2.000000e-01	0.000000e+00	0.000000e+00	0.000000e+00
2.000000e-01	4.000000e-01	4.347155e-02	7.352848e-03	7.352848e-03
4.000000e-01	6.000000e-01	1.220899e+01	1.244851e-01	1.244851e-01
6.000000e-01	8.000000e-01	1.028236e+01	1.142903e-01	1.142903e-01
8.000000e-01	1.000000e+00	8.933025e+00	1.062746e-01	1.062746e-01
1.000000e+00	1.200000e+00	9.567645e+00	1.100752e-01	1.100752e-01
1.200000e+00	1.400000e+00	1.169792e+01	1.213571e-01	1.213571e-01
1.400000e+00	1.600000e+00	1.591754e+01	1.414767e-01	1.414767e-01
1.600000e+00	1.800000e+00	2.340483e+01	1.708021e-01	1.708021e-01
1.800000e+00	2.000000e+00	3.528077e+01	2.093385e-01	2.093385e-01
2.000000e+00	2.200000e+00	5.221670e+01	2.541300e-01	2.541300e-01
2.200000e+00	2.400000e+00	7.543970e+01	3.056839e-01	3.056839e-01
2.400000e+00	2.600000e+00	1.063535e+02	3.623547e-01	3.623547e-01
2.600000e+00	2.800000e+00	1.565777e+02	4.400326e-01	4.400326e-01
2.800000e+00	3.000000e+00	2.011936e+02	4.986325e-01	4.986325e-01
3.000000e+00	3.200000e+00	2.053235e+02	5.050158e-01	5.050158e-01
3.200000e+00	3.400000e+00	1.177887e+02	3.842774e-01	3.842774e-01
3.400000e+00	3.600000e+00	7.468585e+01	3.073222e-01	3.073222e-01
3.600000e+00	3.800000e+00	5.020425e+01	2.533516e-01	2.533516e-01
3.800000e+00	4.000000e+00	3.389085e+01	2.085077e-01	2.085077e-01
4.000000e+00	4.200000e+00	2.319835e+01	1.729346e-01	1.729346e-01
4.200000e+00	4.400000e+00	1.597902e+01	1.439036e-01	1.439036e-01
4.400000e+00	4.600000e+00	1.109848e+01	1.204446e-01	1.204446e-01
4.600000e+00	4.800000e+00	7.980585e+00	1.023779e-01	1.023779e-01
4.800000e+00	5.000000e+00	5.506220e+00	8.489931e-02	8.489931e-02
# END HISTO1D


# BEGIN HISTO1D /suppr800_bornktmin600_1B_ParisParams_MSTP_posthadron_merged.yoda/MC_JETS/jets_dR_13
ErrorBars=1
LineColor=blue
LineStyle=solid
Path=/suppr800_bornktmin600_1B_ParisParams_MSTP_posthadron_merged.yoda/MC_JETS/jets_dR_13
ScaledBy=2.03839766012782301e-06
Title=PS+MPI+HAD
# xlow	 xhigh	 val	 errminus	 errplus
0.000000e+00	2.000000e-01	0.000000e+00	0.000000e+00	0.000000e+00
2.000000e-01	4.000000e-01	3.148659e-02	1.083177e-02	1.083177e-02
4.000000e-01	6.000000e-01	1.217268e+01	2.081018e-01	2.081018e-01
6.000000e-01	8.000000e-01	1.052065e+01	1.935722e-01	1.935722e-01
8.000000e-01	1.000000e+00	8.938470e+00	1.787363e-01	1.787363e-01
1.000000e+00	1.200000e+00	9.279670e+00	1.815161e-01	1.815161e-01
1.200000e+00	1.400000e+00	1.192324e+01	2.050019e-01	2.050019e-01
1.400000e+00	1.600000e+00	1.609921e+01	2.384754e-01	2.384754e-01
1.600000e+00	1.800000e+00	2.272828e+01	2.811195e-01	2.811195e-01
1.800000e+00	2.000000e+00	3.480588e+01	3.494953e-01	3.494953e-01
2.000000e+00	2.200000e+00	5.285045e+01	4.290945e-01	4.290945e-01
2.200000e+00	2.400000e+00	7.541350e+01	5.111169e-01	5.111169e-01
2.400000e+00	2.600000e+00	1.067011e+02	6.083660e-01	6.083660e-01
2.600000e+00	2.800000e+00	1.563832e+02	7.367233e-01	7.367233e-01
2.800000e+00	3.000000e+00	2.015254e+02	8.367643e-01	8.367643e-01
3.000000e+00	3.200000e+00	2.053558e+02	8.474409e-01	8.474409e-01
3.200000e+00	3.400000e+00	1.179696e+02	6.448329e-01	6.448329e-01
3.400000e+00	3.600000e+00	7.471020e+01	5.158365e-01	5.158365e-01
3.600000e+00	3.800000e+00	5.002845e+01	4.240936e-01	4.240936e-01
3.800000e+00	4.000000e+00	3.395591e+01	3.501829e-01	3.501829e-01
4.000000e+00	4.200000e+00	2.333089e+01	2.901364e-01	2.901364e-01
4.200000e+00	4.400000e+00	1.588923e+01	2.412722e-01	2.412722e-01
4.400000e+00	4.600000e+00	1.115057e+01	2.021071e-01	2.021071e-01
4.600000e+00	4.800000e+00	8.136235e+00	1.734057e-01	1.734057e-01
4.800000e+00	5.000000e+00	5.638170e+00	1.441139e-01	1.441139e-01
# END HISTO1D

