# BEGIN PLOT
LegendOnly=/suppr800_bornktmin600_1B_ParisParams_MSTP_prehadron_merged.yoda/MC_JETS/jet_mass_1 /suppr800_bornktmin600_1B_ParisParams_MSTP_posthadron_merged.yoda/MC_JETS/jet_mass_1
DrawOnly=/suppr800_bornktmin600_1B_ParisParams_MSTP_prehadron_merged.yoda/MC_JETS/jet_mass_1 /suppr800_bornktmin600_1B_ParisParams_MSTP_posthadron_merged.yoda/MC_JETS/jet_mass_1
Title=Mass of first jet
RatioPlotReference=/suppr800_bornktmin600_1B_ParisParams_MSTP_prehadron_merged.yoda/MC_JETS/jet_mass_1
RatioPlot=1
LogY=1
RatioPlotYLabel=Ratio
XLabel=$m(\mathrm{jet~1})$ [GeV]
YLabel=$\mathrm{d}\sigma/\mathrm{d}m(\mathrm{jet~1})$ [pb/GeV]
Legend=1
# END PLOT

# BEGIN HISTO1D /suppr800_bornktmin600_1B_ParisParams_MSTP_prehadron_merged.yoda/MC_JETS/jet_mass_1
ErrorBars=1
LineColor=red
LineStyle=solid
Path=/suppr800_bornktmin600_1B_ParisParams_MSTP_prehadron_merged.yoda/MC_JETS/jet_mass_1
ScaledBy=7.25646247661192894e-07
Title=PS
# xlow	 xhigh	 val	 errminus	 errplus
1.000000e+00	1.047129e+00	4.980239e-02	1.782515e-02	1.782515e-02
1.047129e+00	1.096478e+00	4.539360e-02	1.640221e-02	1.640221e-02
1.096478e+00	1.148154e+00	6.889928e-02	1.912578e-02	1.912578e-02
1.148154e+00	1.202264e+00	1.787107e-01	3.017522e-02	3.017522e-02
1.202264e+00	1.258925e+00	1.749334e-01	2.821019e-02	2.821019e-02
1.258925e+00	1.318257e+00	1.891189e-01	2.980968e-02	2.980968e-02
1.318257e+00	1.380384e+00	2.238103e-01	2.957504e-02	2.957504e-02
1.380384e+00	1.445440e+00	2.126745e-01	2.870073e-02	2.870073e-02
1.445440e+00	1.513561e+00	8.049535e-01	5.556054e-02	5.556054e-02
1.513561e+00	1.584893e+00	3.076672e-01	3.399140e-02	3.399140e-02
1.584893e+00	1.659587e+00	3.298937e-01	3.437916e-02	3.437916e-02
1.659587e+00	1.737801e+00	2.893536e-01	3.061277e-02	3.061277e-02
1.737801e+00	1.819701e+00	3.594961e-01	3.513356e-02	3.513356e-02
1.819701e+00	1.905461e+00	3.044214e-01	3.044111e-02	3.044111e-02
1.905461e+00	1.995262e+00	4.277628e-01	3.583266e-02	3.583266e-02
1.995262e+00	2.089296e+00	4.121550e-01	3.525458e-02	3.525458e-02
2.089296e+00	2.187762e+00	4.526685e-01	3.571826e-02	3.571826e-02
2.187762e+00	2.290868e+00	4.532745e-01	3.440688e-02	3.440688e-02
2.290868e+00	2.398833e+00	4.285091e-01	3.163662e-02	3.163662e-02
2.398833e+00	2.511886e+00	5.315020e-01	3.600198e-02	3.600198e-02
2.511886e+00	2.630268e+00	5.207885e-01	3.414782e-02	3.414782e-02
2.630268e+00	2.754229e+00	5.806406e-01	3.534772e-02	3.534772e-02
2.754229e+00	2.884032e+00	5.600431e-01	3.407740e-02	3.407740e-02
2.884032e+00	3.019952e+00	5.914056e-01	3.427626e-02	3.427626e-02
3.019952e+00	3.162278e+00	6.636048e-01	3.573183e-02	3.573183e-02
3.162278e+00	3.311311e+00	7.470345e-01	3.686738e-02	3.686738e-02
3.311311e+00	3.467369e+00	7.872836e-01	3.717154e-02	3.717154e-02
3.467369e+00	3.630781e+00	7.525065e-01	3.491945e-02	3.491945e-02
3.630781e+00	3.801894e+00	9.191412e-01	3.843028e-02	3.843028e-02
3.801894e+00	3.981072e+00	8.534753e-01	3.584591e-02	3.584591e-02
3.981072e+00	4.168694e+00	9.802838e-01	3.760721e-02	3.760721e-02
4.168694e+00	4.365158e+00	1.071553e+00	3.852362e-02	3.852362e-02
4.365158e+00	4.570882e+00	1.035355e+00	3.713763e-02	3.713763e-02
4.570882e+00	4.786301e+00	1.110148e+00	3.762047e-02	3.762047e-02
4.786301e+00	5.011872e+00	1.538617e+00	4.288700e-02	4.288700e-02
5.011872e+00	5.248075e+00	1.158220e+00	3.606371e-02	3.606371e-02
5.248075e+00	5.495409e+00	1.330644e+00	3.824461e-02	3.824461e-02
5.495409e+00	5.754399e+00	1.404061e+00	3.843183e-02	3.843183e-02
5.754399e+00	6.025596e+00	1.437228e+00	3.758630e-02	3.758630e-02
6.025596e+00	6.309573e+00	1.612106e+00	3.903637e-02	3.903637e-02
6.309573e+00	6.606934e+00	1.704262e+00	3.933487e-02	3.933487e-02
6.606934e+00	6.918310e+00	1.809495e+00	3.968204e-02	3.968204e-02
6.918310e+00	7.244360e+00	1.845453e+00	3.874852e-02	3.874852e-02
7.244360e+00	7.585776e+00	2.076251e+00	4.052896e-02	4.052896e-02
7.585776e+00	7.943282e+00	2.051631e+00	3.905001e-02	3.905001e-02
7.943282e+00	8.317638e+00	2.209404e+00	3.985448e-02	3.985448e-02
8.317638e+00	8.709636e+00	2.381440e+00	4.027170e-02	4.027170e-02
8.709636e+00	9.120108e+00	2.461980e+00	4.017085e-02	4.017085e-02
9.120108e+00	9.549926e+00	2.540352e+00	3.951748e-02	3.951748e-02
9.549926e+00	1.000000e+01	2.744693e+00	4.024178e-02	4.024178e-02
1.000000e+01	1.047129e+01	2.958041e+00	4.098573e-02	4.098573e-02
1.047129e+01	1.096478e+01	3.086843e+00	4.093160e-02	4.093160e-02
1.096478e+01	1.148154e+01	3.314090e+00	4.149902e-02	4.149902e-02
1.148154e+01	1.202264e+01	3.406875e+00	4.100191e-02	4.100191e-02
1.202264e+01	1.258925e+01	3.625598e+00	4.127901e-02	4.127901e-02
1.258925e+01	1.318257e+01	3.814828e+00	4.131301e-02	4.131301e-02
1.318257e+01	1.380384e+01	3.917857e+00	4.090528e-02	4.090528e-02
1.380384e+01	1.445440e+01	4.084827e+00	4.083853e-02	4.083853e-02
1.445440e+01	1.513561e+01	4.319982e+00	4.096571e-02	4.096571e-02
1.513561e+01	1.584893e+01	4.380148e+00	4.018291e-02	4.018291e-02
1.584893e+01	1.659587e+01	4.536218e+00	4.000500e-02	4.000500e-02
1.659587e+01	1.737801e+01	4.675680e+00	3.972035e-02	3.972035e-02
1.737801e+01	1.819701e+01	4.744289e+00	3.898204e-02	3.898204e-02
1.819701e+01	1.905461e+01	4.876090e+00	3.856921e-02	3.856921e-02
1.905461e+01	1.995262e+01	4.910705e+00	3.786773e-02	3.786773e-02
1.995262e+01	2.089296e+01	4.987185e+00	3.721409e-02	3.721409e-02
2.089296e+01	2.187762e+01	5.079320e+00	3.675059e-02	3.675059e-02
2.187762e+01	2.290868e+01	4.937370e+00	3.523705e-02	3.523705e-02
2.290868e+01	2.398833e+01	4.981969e+00	3.464461e-02	3.464461e-02
2.398833e+01	2.511886e+01	4.974121e+00	3.376500e-02	3.376500e-02
2.511886e+01	2.630268e+01	4.889444e+00	3.268853e-02	3.268853e-02
2.630268e+01	2.754229e+01	4.850851e+00	3.178241e-02	3.178241e-02
2.754229e+01	2.884032e+01	4.818040e+00	3.092346e-02	3.092346e-02
2.884032e+01	3.019952e+01	4.679304e+00	2.972874e-02	2.972874e-02
3.019952e+01	3.162278e+01	4.560241e+00	2.863234e-02	2.863234e-02
3.162278e+01	3.311311e+01	4.418157e+00	2.750780e-02	2.750780e-02
3.311311e+01	3.467369e+01	4.298083e+00	2.649807e-02	2.649807e-02
3.467369e+01	3.630781e+01	4.196673e+00	2.562680e-02	2.562680e-02
3.630781e+01	3.801894e+01	4.027292e+00	2.445089e-02	2.445089e-02
3.801894e+01	3.981072e+01	3.828432e+00	2.325421e-02	2.325421e-02
3.981072e+01	4.168694e+01	3.685658e+00	2.228570e-02	2.228570e-02
4.168694e+01	4.365158e+01	3.492939e+00	2.114375e-02	2.114375e-02
4.365158e+01	4.570882e+01	3.340802e+00	2.019783e-02	2.019783e-02
4.570882e+01	4.786301e+01	3.146251e+00	1.915404e-02	1.915404e-02
4.786301e+01	5.011872e+01	2.978895e+00	1.815624e-02	1.815624e-02
5.011872e+01	5.248075e+01	2.766631e+00	1.707565e-02	1.707565e-02
5.248075e+01	5.495409e+01	2.560849e+00	1.600203e-02	1.600203e-02
5.495409e+01	5.754399e+01	2.402367e+00	1.513119e-02	1.513119e-02
5.754399e+01	6.025596e+01	2.218171e+00	1.417155e-02	1.417155e-02
6.025596e+01	6.309573e+01	2.105554e+00	1.352882e-02	1.352882e-02
6.309573e+01	6.606934e+01	1.906395e+00	1.252476e-02	1.252476e-02
6.606934e+01	6.918310e+01	1.726554e+00	1.161654e-02	1.161654e-02
6.918310e+01	7.244360e+01	1.583346e+00	1.085498e-02	1.085498e-02
7.244360e+01	7.585776e+01	1.435457e+00	1.005958e-02	1.005958e-02
7.585776e+01	7.943282e+01	1.316401e+00	9.421401e-03	9.421401e-03
7.943282e+01	8.317638e+01	1.168910e+00	8.632347e-03	8.632347e-03
8.317638e+01	8.709636e+01	1.045159e+00	7.942205e-03	7.942205e-03
8.709636e+01	9.120108e+01	9.311670e-01	7.305413e-03	7.305413e-03
9.120108e+01	9.549926e+01	8.316678e-01	6.721115e-03	6.721115e-03
9.549926e+01	1.000000e+02	7.249386e-01	6.099339e-03	6.099339e-03
# END HISTO1D


# BEGIN HISTO1D /suppr800_bornktmin600_1B_ParisParams_MSTP_posthadron_merged.yoda/MC_JETS/jet_mass_1
ErrorBars=1
LineColor=blue
LineStyle=solid
Path=/suppr800_bornktmin600_1B_ParisParams_MSTP_posthadron_merged.yoda/MC_JETS/jet_mass_1
ScaledBy=2.03839766012782301e-06
Title=PS+MPI+HAD
# xlow	 xhigh	 val	 errminus	 errplus
1.000000e+00	1.047129e+00	1.196551e-02	1.196551e-02	1.196551e-02
1.047129e+00	1.096478e+00	5.903696e-02	3.127145e-02	3.127145e-02
1.096478e+00	1.148154e+00	9.140046e-02	3.513517e-02	3.513517e-02
1.148154e+00	1.202264e+00	1.699606e-01	5.050704e-02	5.050704e-02
1.202264e+00	1.258925e+00	1.078307e-01	3.361045e-02	3.361045e-02
1.258925e+00	1.318257e+00	1.522695e-01	4.176611e-02	4.176611e-02
1.318257e+00	1.380384e+00	2.463573e-01	5.633387e-02	5.633387e-02
1.380384e+00	1.445440e+00	1.723174e-01	4.015163e-02	4.015163e-02
1.445440e+00	1.513561e+00	6.643131e-01	8.192159e-02	8.192159e-02
1.513561e+00	1.584893e+00	3.730016e-01	6.171410e-02	6.171410e-02
1.584893e+00	1.659587e+00	2.618718e-01	5.057643e-02	5.057643e-02
1.659587e+00	1.737801e+00	2.940236e-01	5.300760e-02	5.300760e-02
1.737801e+00	1.819701e+00	3.266937e-01	5.760894e-02	5.760894e-02
1.819701e+00	1.905461e+00	2.761307e-01	4.756668e-02	4.756668e-02
1.905461e+00	1.995262e+00	3.432512e-01	5.056561e-02	5.056561e-02
1.995262e+00	2.089296e+00	4.402433e-01	6.144176e-02	6.144176e-02
2.089296e+00	2.187762e+00	3.620411e-01	5.328625e-02	5.328625e-02
2.187762e+00	2.290868e+00	4.255965e-01	5.488368e-02	5.488368e-02
2.290868e+00	2.398833e+00	4.564222e-01	5.420803e-02	5.420803e-02
2.398833e+00	2.511886e+00	6.100417e-01	6.506563e-02	6.506563e-02
2.511886e+00	2.630268e+00	4.745740e-01	5.417634e-02	5.417634e-02
2.630268e+00	2.754229e+00	6.779654e-01	6.390318e-02	6.390318e-02
2.754229e+00	2.884032e+00	5.427592e-01	5.591995e-02	5.591995e-02
2.884032e+00	3.019952e+00	6.259435e-01	5.979144e-02	5.979144e-02
3.019952e+00	3.162278e+00	6.772195e-01	6.040044e-02	6.040044e-02
3.162278e+00	3.311311e+00	7.936457e-01	6.433764e-02	6.433764e-02
3.311311e+00	3.467369e+00	7.836695e-01	6.150788e-02	6.150788e-02
3.467369e+00	3.630781e+00	7.616534e-01	5.835373e-02	5.835373e-02
3.630781e+00	3.801894e+00	7.562605e-01	5.762859e-02	5.762859e-02
3.801894e+00	3.981072e+00	7.775659e-01	5.709300e-02	5.709300e-02
3.981072e+00	4.168694e+00	1.000724e+00	6.358688e-02	6.358688e-02
4.168694e+00	4.365158e+00	1.013246e+00	6.172021e-02	6.172021e-02
4.365158e+00	4.570882e+00	1.004380e+00	6.063616e-02	6.063616e-02
4.570882e+00	4.786301e+00	1.051274e+00	6.160646e-02	6.160646e-02
4.786301e+00	5.011872e+00	1.607315e+00	7.356778e-02	7.356778e-02
5.011872e+00	5.248075e+00	1.125207e+00	5.887660e-02	5.887660e-02
5.248075e+00	5.495409e+00	1.407059e+00	6.592162e-02	6.592162e-02
5.495409e+00	5.754399e+00	1.435179e+00	6.537104e-02	6.537104e-02
5.754399e+00	6.025596e+00	1.469932e+00	6.391657e-02	6.391657e-02
6.025596e+00	6.309573e+00	1.568189e+00	6.436771e-02	6.436771e-02
6.309573e+00	6.606934e+00	1.718735e+00	6.652164e-02	6.652164e-02
6.606934e+00	6.918310e+00	1.856117e+00	6.740320e-02	6.740320e-02
6.918310e+00	7.244360e+00	1.856603e+00	6.561921e-02	6.561921e-02
7.244360e+00	7.585776e+00	2.101875e+00	6.813286e-02	6.813286e-02
7.585776e+00	7.943282e+00	2.000326e+00	6.447143e-02	6.447143e-02
7.943282e+00	8.317638e+00	2.217751e+00	6.707394e-02	6.707394e-02
8.317638e+00	8.709636e+00	2.401964e+00	6.763328e-02	6.763328e-02
8.709636e+00	9.120108e+00	2.420502e+00	6.672599e-02	6.672599e-02
9.120108e+00	9.549926e+00	2.536641e+00	6.679015e-02	6.679015e-02
9.549926e+00	1.000000e+01	2.750177e+00	6.747813e-02	6.747813e-02
1.000000e+01	1.047129e+01	2.999754e+00	6.941465e-02	6.941465e-02
1.047129e+01	1.096478e+01	3.110195e+00	6.873008e-02	6.873008e-02
1.096478e+01	1.148154e+01	3.282259e+00	6.919703e-02	6.919703e-02
1.148154e+01	1.202264e+01	3.510700e+00	6.974653e-02	6.974653e-02
1.202264e+01	1.258925e+01	3.573645e+00	6.884010e-02	6.884010e-02
1.258925e+01	1.318257e+01	3.810942e+00	6.958163e-02	6.958163e-02
1.318257e+01	1.380384e+01	3.975838e+00	6.912976e-02	6.912976e-02
1.380384e+01	1.445440e+01	4.157160e+00	6.923164e-02	6.923164e-02
1.445440e+01	1.513561e+01	4.267295e+00	6.828382e-02	6.828382e-02
1.513561e+01	1.584893e+01	4.321031e+00	6.697130e-02	6.697130e-02
1.584893e+01	1.659587e+01	4.572247e+00	6.715438e-02	6.715438e-02
1.659587e+01	1.737801e+01	4.684959e+00	6.665172e-02	6.665172e-02
1.737801e+01	1.819701e+01	4.752164e+00	6.539287e-02	6.539287e-02
1.819701e+01	1.905461e+01	4.952874e+00	6.540587e-02	6.540587e-02
1.905461e+01	1.995262e+01	4.934468e+00	6.379937e-02	6.379937e-02
1.995262e+01	2.089296e+01	4.998059e+00	6.241069e-02	6.241069e-02
2.089296e+01	2.187762e+01	5.107322e+00	6.177153e-02	6.177153e-02
2.187762e+01	2.290868e+01	4.879421e+00	5.859830e-02	5.859830e-02
2.290868e+01	2.398833e+01	5.105765e+00	5.898195e-02	5.898195e-02
2.398833e+01	2.511886e+01	4.986811e+00	5.671483e-02	5.671483e-02
2.511886e+01	2.630268e+01	4.905655e+00	5.484135e-02	5.484135e-02
2.630268e+01	2.754229e+01	4.858906e+00	5.345418e-02	5.345418e-02
2.754229e+01	2.884032e+01	4.793670e+00	5.173158e-02	5.173158e-02
2.884032e+01	3.019952e+01	4.653839e+00	4.969069e-02	4.969069e-02
3.019952e+01	3.162278e+01	4.592194e+00	4.819787e-02	4.819787e-02
3.162278e+01	3.311311e+01	4.405079e+00	4.598690e-02	4.598690e-02
3.311311e+01	3.467369e+01	4.262843e+00	4.421000e-02	4.421000e-02
3.467369e+01	3.630781e+01	4.156098e+00	4.269358e-02	4.269358e-02
3.630781e+01	3.801894e+01	4.044976e+00	4.105910e-02	4.105910e-02
3.801894e+01	3.981072e+01	3.857229e+00	3.916296e-02	3.916296e-02
3.981072e+01	4.168694e+01	3.627523e+00	3.699384e-02	3.699384e-02
4.168694e+01	4.365158e+01	3.494228e+00	3.536384e-02	3.536384e-02
4.365158e+01	4.570882e+01	3.323009e+00	3.376859e-02	3.376859e-02
4.570882e+01	4.786301e+01	3.180770e+00	3.233043e-02	3.233043e-02
4.786301e+01	5.011872e+01	2.997086e+00	3.058232e-02	3.058232e-02
5.011872e+01	5.248075e+01	2.780295e+00	2.870623e-02	2.870623e-02
5.248075e+01	5.495409e+01	2.561479e+00	2.674670e-02	2.674670e-02
5.495409e+01	5.754399e+01	2.414152e+00	2.546601e-02	2.546601e-02
5.754399e+01	6.025596e+01	2.216280e+00	2.370384e-02	2.370384e-02
6.025596e+01	6.309573e+01	2.106177e+00	2.269632e-02	2.269632e-02
6.309573e+01	6.606934e+01	1.917700e+00	2.109053e-02	2.109053e-02
6.606934e+01	6.918310e+01	1.722009e+00	1.941697e-02	1.941697e-02
6.918310e+01	7.244360e+01	1.566317e+00	1.807668e-02	1.807668e-02
7.244360e+01	7.585776e+01	1.444277e+00	1.690948e-02	1.690948e-02
7.585776e+01	7.943282e+01	1.326422e+00	1.588472e-02	1.588472e-02
7.943282e+01	8.317638e+01	1.172677e+00	1.454161e-02	1.454161e-02
8.317638e+01	8.709636e+01	1.059403e+00	1.342201e-02	1.342201e-02
8.709636e+01	9.120108e+01	9.235848e-01	1.222342e-02	1.222342e-02
9.120108e+01	9.549926e+01	8.185416e-01	1.114956e-02	1.114956e-02
9.549926e+01	1.000000e+02	7.207868e-01	1.021228e-02	1.021228e-02
# END HISTO1D

