# BEGIN PLOT
LegendOnly=/CMS_2021_I1972986/d21-x01-y01 /COMBINED_PREHADRON.yoda/CMS_2021_I1972986/d21-x01-y01 /COMBINED_POSTHADRON.yoda/CMS_2021_I1972986/d21-x01-y01
DrawOnly=/CMS_2021_I1972986/d21-x01-y01 /COMBINED_PREHADRON.yoda/CMS_2021_I1972986/d21-x01-y01 /COMBINED_POSTHADRON.yoda/CMS_2021_I1972986/d21-x01-y01
Title=CMS, $\sqrt(s)$ = 13 TeV, Inclusive AK7 jets, $0.0 < |y| < 0.5$
RatioPlotReference=/CMS_2021_I1972986/d21-x01-y01
RatioPlot=1
LogX=1
LogY=1
RatioPlotYMax=1.4
LegendXPos=0.65
XLabel=$p_{T}$ [GeV]
YLabel=d$^2\sigma$/d$p_{T}$d$y$ [pb/GeV]
LegendYPos=0.95
Legend=1
RatioPlotYMin=0.6
FullRange=1
# END PLOT

# BEGIN HISTO1D /CMS_2021_I1972986/d21-x01-y01
ConnectBins=0
ErrorBars=1
IsRef=1
Path=/CMS_2021_I1972986/d21-x01-y01
PolyMarker=*
Title=Data
# xlow	 xhigh	 val	 errminus	 errplus
9.700000e+01	1.330000e+02	1.473900e+04	7.487453e+02	7.487453e+02
1.330000e+02	1.740000e+02	3.236100e+03	1.419588e+02	1.419588e+02
1.740000e+02	2.200000e+02	8.605300e+02	3.571459e+01	3.571459e+01
2.200000e+02	2.720000e+02	2.574300e+02	1.032110e+01	1.032110e+01
2.720000e+02	3.300000e+02	8.538700e+01	3.318388e+00	3.318388e+00
3.300000e+02	3.950000e+02	2.965500e+01	1.135831e+00	1.135831e+00
3.950000e+02	4.680000e+02	1.099500e+01	4.155528e-01	4.155528e-01
4.680000e+02	5.480000e+02	4.189300e+00	1.578436e-01	1.578436e-01
5.480000e+02	6.380000e+02	1.658000e+00	6.285407e-02	6.285407e-02
6.380000e+02	7.370000e+02	6.663900e-01	2.567876e-02	2.567876e-02
7.370000e+02	8.460000e+02	2.737700e-01	1.083807e-02	1.083807e-02
8.460000e+02	9.670000e+02	1.137100e-01	4.663706e-03	4.663706e-03
9.670000e+02	1.101000e+03	4.685800e-02	2.006821e-03	2.006821e-03
1.101000e+03	1.248000e+03	1.937700e-02	8.757163e-04	8.757163e-04
1.248000e+03	1.410000e+03	7.955900e-03	3.849263e-04	3.849263e-04
1.410000e+03	1.588000e+03	3.274400e-03	1.717812e-04	1.717812e-04
1.588000e+03	1.784000e+03	1.251500e-03	7.276907e-05	7.276907e-05
1.784000e+03	2.000000e+03	4.742700e-04	3.149750e-05	3.149750e-05
2.000000e+03	2.238000e+03	1.815900e-04	1.426657e-05	1.426657e-05
2.238000e+03	2.500000e+03	6.127500e-05	6.279759e-06	6.279759e-06
2.500000e+03	2.787000e+03	1.934800e-05	2.885537e-06	2.885537e-06
2.787000e+03	3.103000e+03	4.600800e-06	1.299444e-06	1.299444e-06
# END HISTO1D


# BEGIN HISTO1D /COMBINED_PREHADRON.yoda/CMS_2021_I1972986/d21-x01-y01
ErrorBars=1
LineColor=red
LineStyle=solid
Path=/COMBINED_PREHADRON.yoda/CMS_2021_I1972986/d21-x01-y01
ScaledBy=3.45685072895816461e+02
Title=PS
# xlow	 xhigh	 val	 errminus	 errplus
9.700000e+01	1.330000e+02	1.557223e+04	8.723719e+00	8.723719e+00
1.330000e+02	1.740000e+02	3.485895e+03	1.904681e+00	1.904681e+00
1.740000e+02	2.200000e+02	9.285270e+02	5.015639e-01	5.015639e-01
2.200000e+02	2.720000e+02	2.804275e+02	1.522690e-01	1.522690e-01
2.720000e+02	3.300000e+02	9.289416e+01	5.060281e-02	5.060281e-02
3.300000e+02	3.950000e+02	3.281554e+01	1.807917e-02	1.807917e-02
3.950000e+02	4.680000e+02	1.215661e+01	6.821850e-03	6.821850e-03
4.680000e+02	5.480000e+02	4.705987e+00	2.762416e-03	2.762416e-03
5.480000e+02	6.380000e+02	1.863241e+00	1.121141e-03	1.121141e-03
6.380000e+02	7.370000e+02	7.573866e-01	4.813527e-04	4.813527e-04
7.370000e+02	8.460000e+02	3.122846e-01	2.068423e-04	2.068423e-04
8.460000e+02	9.670000e+02	1.300265e-01	9.254121e-05	9.254121e-05
9.670000e+02	1.101000e+03	5.439796e-02	4.119012e-05	4.119012e-05
1.101000e+03	1.248000e+03	2.236754e-02	1.823465e-05	1.823465e-05
1.248000e+03	1.410000e+03	9.216019e-03	8.317259e-06	8.317259e-06
1.410000e+03	1.588000e+03	3.665994e-03	3.778813e-06	3.778813e-06
1.588000e+03	1.784000e+03	1.433754e-03	1.699121e-06	1.699121e-06
1.784000e+03	2.000000e+03	5.353329e-04	7.502953e-07	7.502953e-07
2.000000e+03	2.238000e+03	1.848944e-04	3.162272e-07	3.162272e-07
2.238000e+03	2.500000e+03	6.077275e-05	1.301712e-07	1.301712e-07
2.500000e+03	2.787000e+03	1.791773e-05	5.175782e-08	5.175782e-08
2.787000e+03	3.103000e+03	4.949203e-06	2.038974e-08	2.038974e-08
# END HISTO1D


# BEGIN HISTO1D /COMBINED_POSTHADRON.yoda/CMS_2021_I1972986/d21-x01-y01
ErrorBars=1
LineColor=blue
LineStyle=solid
Path=/COMBINED_POSTHADRON.yoda/CMS_2021_I1972986/d21-x01-y01
ScaledBy=2.29013802014368775e+03
Title=PS+MPI+HAD
# xlow	 xhigh	 val	 errminus	 errplus
9.700000e+01	1.330000e+02	1.778047e+04	2.742659e+01	2.742659e+01
1.330000e+02	1.740000e+02	3.795676e+03	5.456390e+00	5.456390e+00
1.740000e+02	2.200000e+02	9.911663e+02	1.405936e+00	1.405936e+00
2.200000e+02	2.720000e+02	2.902579e+02	4.033027e-01	4.033027e-01
2.720000e+02	3.300000e+02	9.634409e+01	1.363664e-01	1.363664e-01
3.300000e+02	3.950000e+02	3.367400e+01	4.874753e-02	4.874753e-02
3.950000e+02	4.680000e+02	1.239608e+01	1.795933e-02	1.795933e-02
4.680000e+02	5.480000e+02	4.712995e+00	7.232708e-03	7.232708e-03
5.480000e+02	6.380000e+02	1.891126e+00	2.957177e-03	2.957177e-03
6.380000e+02	7.370000e+02	7.553732e-01	1.218046e-03	1.218046e-03
7.370000e+02	8.460000e+02	3.144472e-01	5.314742e-04	5.314742e-04
8.460000e+02	9.670000e+02	1.296914e-01	2.328139e-04	2.328139e-04
9.670000e+02	1.101000e+03	5.369978e-02	1.068192e-04	1.068192e-04
1.101000e+03	1.248000e+03	2.218414e-02	4.699624e-05	4.699624e-05
1.248000e+03	1.410000e+03	9.104253e-03	2.165949e-05	2.165949e-05
1.410000e+03	1.588000e+03	3.640088e-03	9.530309e-06	9.530309e-06
1.588000e+03	1.784000e+03	1.422954e-03	4.395666e-06	4.395666e-06
1.784000e+03	2.000000e+03	5.227102e-04	1.945620e-06	1.945620e-06
2.000000e+03	2.238000e+03	1.825746e-04	8.071314e-07	8.071314e-07
2.238000e+03	2.500000e+03	6.031328e-05	3.291782e-07	3.291782e-07
2.500000e+03	2.787000e+03	1.820871e-05	1.336665e-07	1.336665e-07
2.787000e+03	3.103000e+03	4.860035e-06	5.192656e-08	5.192656e-08
# END HISTO1D

