# BEGIN PLOT
LegendOnly=/CMS_2021_I1972986/d04-x01-y01 /suppr11000_bornktmin1250_1B_ParsiParams_MSTP_posthadron_merged.yoda/CMS_2021_I1972986/d04-x01-y01 /suppr11000_bornktmin1250_1B_ParsiParams_MSTP_prehadron_merged.yoda/CMS_2021_I1972986/d04-x01-y01
DrawOnly=/CMS_2021_I1972986/d04-x01-y01 /suppr11000_bornktmin1250_1B_ParsiParams_MSTP_posthadron_merged.yoda/CMS_2021_I1972986/d04-x01-y01 /suppr11000_bornktmin1250_1B_ParsiParams_MSTP_prehadron_merged.yoda/CMS_2021_I1972986/d04-x01-y01
Title=CMS, $\sqrt(s)$ = 13 TeV, Inclusive AK4 jets, $1.5 < |y| < 2.0$
RatioPlotReference=/CMS_2021_I1972986/d04-x01-y01
RatioPlot=1
LogX=1
LogY=1
RatioPlotYMax=1.4
LegendXPos=0.65
XLabel=$p_{T}$ [GeV]
YLabel=d$^2\sigma$/d$p_{T}$d$y$ [pb/GeV]
LegendYPos=0.96
Legend=1
RatioPlotYMin=0.6
FullRange=1
# END PLOT

# BEGIN HISTO1D /CMS_2021_I1972986/d04-x01-y01
ConnectBins=0
ErrorBars=1
IsRef=1
Path=/CMS_2021_I1972986/d04-x01-y01
PolyMarker=*
Title=Data
# xlow	 xhigh	 val	 errminus	 errplus
9.700000e+01	1.330000e+02	6.398100e+03	3.942272e+02	3.942272e+02
1.330000e+02	1.740000e+02	1.433800e+03	7.805702e+01	7.805702e+01
1.740000e+02	2.200000e+02	3.841500e+02	2.010232e+01	2.010232e+01
2.200000e+02	2.720000e+02	1.126000e+02	5.771391e+00	5.771391e+00
2.720000e+02	3.300000e+02	3.567500e+01	1.820850e+00	1.820850e+00
3.300000e+02	3.950000e+02	1.185000e+01	6.111903e-01	6.111903e-01
3.950000e+02	4.680000e+02	4.059300e+00	2.148317e-01	2.148317e-01
4.680000e+02	5.480000e+02	1.391600e+00	7.705394e-02	7.705394e-02
5.480000e+02	6.380000e+02	4.812600e-01	2.826861e-02	2.826861e-02
6.380000e+02	7.370000e+02	1.591400e-01	1.013618e-02	1.013618e-02
7.370000e+02	8.460000e+02	5.135000e-02	3.641620e-03	3.641620e-03
8.460000e+02	9.670000e+02	1.568000e-02	1.277638e-03	1.277638e-03
9.670000e+02	1.101000e+03	4.298700e-03	4.116181e-04	4.116181e-04
1.101000e+03	1.248000e+03	1.083700e-03	1.278146e-04	1.278146e-04
1.248000e+03	1.410000e+03	1.935200e-04	3.001272e-05	3.001272e-05
1.410000e+03	1.588000e+03	4.504500e-05	9.848151e-06	9.848151e-06
# END HISTO1D


# BEGIN HISTO1D /suppr11000_bornktmin1250_1B_ParsiParams_MSTP_posthadron_merged.yoda/CMS_2021_I1972986/d04-x01-y01
ErrorBars=1
LineColor=red
LineStyle=solid
Path=/suppr11000_bornktmin1250_1B_ParsiParams_MSTP_posthadron_merged.yoda/CMS_2021_I1972986/d04-x01-y01
ScaledBy=2.82308037592138273e-06
Title=PS+MPI+HAD
# xlow	 xhigh	 val	 errminus	 errplus
9.700000e+01	1.330000e+02	2.136635e-03	2.773318e-05	2.773318e-05
1.330000e+02	1.740000e+02	1.355742e-03	2.082162e-05	2.082162e-05
1.740000e+02	2.200000e+02	8.681150e-04	1.571144e-05	1.571144e-05
2.200000e+02	2.720000e+02	6.087194e-04	1.244948e-05	1.244948e-05
2.720000e+02	3.300000e+02	4.637372e-04	1.033564e-05	1.033564e-05
3.300000e+02	3.950000e+02	3.605617e-04	8.677572e-06	8.677572e-06
3.950000e+02	4.680000e+02	2.725851e-04	7.096447e-06	7.096447e-06
4.680000e+02	5.480000e+02	2.126665e-04	5.970024e-06	5.970024e-06
5.480000e+02	6.380000e+02	1.828204e-04	5.312668e-06	5.312668e-06
6.380000e+02	7.370000e+02	1.374709e-04	4.341343e-06	4.341343e-06
7.370000e+02	8.460000e+02	1.019694e-04	3.629573e-06	3.629573e-06
8.460000e+02	9.670000e+02	8.455727e-05	3.179656e-06	3.179656e-06
9.670000e+02	1.101000e+03	8.624955e-05	3.195571e-06	3.195571e-06
1.101000e+03	1.248000e+03	1.635361e-04	4.420930e-06	4.420930e-06
1.248000e+03	1.410000e+03	2.182949e-04	4.551407e-06	4.551407e-06
1.410000e+03	1.588000e+03	5.378557e-05	1.609742e-06	1.609742e-06
# END HISTO1D


# BEGIN HISTO1D /suppr11000_bornktmin1250_1B_ParsiParams_MSTP_prehadron_merged.yoda/CMS_2021_I1972986/d04-x01-y01
ErrorBars=1
LineColor=blue
LineStyle=solid
Path=/suppr11000_bornktmin1250_1B_ParsiParams_MSTP_prehadron_merged.yoda/CMS_2021_I1972986/d04-x01-y01
ScaledBy=5.82428482150605536e-07
Title=PS
# xlow	 xhigh	 val	 errminus	 errplus
9.700000e+01	1.330000e+02	2.161440e-03	1.274949e-05	1.274949e-05
1.330000e+02	1.740000e+02	1.355406e-03	9.480077e-06	9.480077e-06
1.740000e+02	2.200000e+02	8.931783e-04	7.307702e-06	7.307702e-06
2.200000e+02	2.720000e+02	6.326588e-04	5.790529e-06	5.790529e-06
2.720000e+02	3.300000e+02	4.647150e-04	4.722221e-06	4.722221e-06
3.300000e+02	3.950000e+02	3.542208e-04	3.890883e-06	3.890883e-06
3.950000e+02	4.680000e+02	2.879552e-04	3.336897e-06	3.336897e-06
4.680000e+02	5.480000e+02	2.297345e-04	2.845418e-06	2.845418e-06
5.480000e+02	6.380000e+02	1.784724e-04	2.360799e-06	2.360799e-06
6.380000e+02	7.370000e+02	1.317009e-04	1.925409e-06	1.925409e-06
7.370000e+02	8.460000e+02	1.055435e-04	1.676562e-06	1.676562e-06
8.460000e+02	9.670000e+02	8.537785e-05	1.452928e-06	1.452928e-06
9.670000e+02	1.101000e+03	8.761567e-05	1.459213e-06	1.459213e-06
1.101000e+03	1.248000e+03	1.665831e-04	2.026259e-06	2.026259e-06
1.248000e+03	1.410000e+03	2.220536e-04	2.085076e-06	2.085076e-06
1.410000e+03	1.588000e+03	5.518077e-05	7.441204e-07	7.441204e-07
# END HISTO1D

