# BEGIN PLOT
LegendOnly=/CMS_2021_I1972986/d21-x01-y01 /suppr800_bornktmin600_100M_ParisParams_posthadron_merged.yoda/CMS_2021_I1972986/d21-x01-y01 /suppr800_bornktmin600_100M_ParisParams_prehadron_merged.yoda/CMS_2021_I1972986/d21-x01-y01
DrawOnly=/CMS_2021_I1972986/d21-x01-y01 /suppr800_bornktmin600_100M_ParisParams_posthadron_merged.yoda/CMS_2021_I1972986/d21-x01-y01 /suppr800_bornktmin600_100M_ParisParams_prehadron_merged.yoda/CMS_2021_I1972986/d21-x01-y01
Title=CMS, $\sqrt(s)$ = 13 TeV, Inclusive AK7 jets, $0.0 < |y| < 0.5$
RatioPlotReference=/CMS_2021_I1972986/d21-x01-y01
RatioPlot=1
LogX=1
LogY=1
RatioPlotYMax=1.4
LegendXPos=0.65
XLabel=$p_{T}$ [GeV]
YLabel=d$^2\sigma$/d$p_{T}$d$y$ [pb/GeV]
LegendYPos=0.95
Legend=1
RatioPlotYMin=0.6
FullRange=1
# END PLOT

# BEGIN HISTO1D /CMS_2021_I1972986/d21-x01-y01
ConnectBins=0
ErrorBars=1
IsRef=1
Path=/CMS_2021_I1972986/d21-x01-y01
PolyMarker=*
Title=Data
# xlow	 xhigh	 val	 errminus	 errplus
9.700000e+01	1.330000e+02	1.473900e+04	7.487453e+02	7.487453e+02
1.330000e+02	1.740000e+02	3.236100e+03	1.419588e+02	1.419588e+02
1.740000e+02	2.200000e+02	8.605300e+02	3.571459e+01	3.571459e+01
2.200000e+02	2.720000e+02	2.574300e+02	1.032110e+01	1.032110e+01
2.720000e+02	3.300000e+02	8.538700e+01	3.318388e+00	3.318388e+00
3.300000e+02	3.950000e+02	2.965500e+01	1.135831e+00	1.135831e+00
3.950000e+02	4.680000e+02	1.099500e+01	4.155528e-01	4.155528e-01
4.680000e+02	5.480000e+02	4.189300e+00	1.578436e-01	1.578436e-01
5.480000e+02	6.380000e+02	1.658000e+00	6.285407e-02	6.285407e-02
6.380000e+02	7.370000e+02	6.663900e-01	2.567876e-02	2.567876e-02
7.370000e+02	8.460000e+02	2.737700e-01	1.083807e-02	1.083807e-02
8.460000e+02	9.670000e+02	1.137100e-01	4.663706e-03	4.663706e-03
9.670000e+02	1.101000e+03	4.685800e-02	2.006821e-03	2.006821e-03
1.101000e+03	1.248000e+03	1.937700e-02	8.757163e-04	8.757163e-04
1.248000e+03	1.410000e+03	7.955900e-03	3.849263e-04	3.849263e-04
1.410000e+03	1.588000e+03	3.274400e-03	1.717812e-04	1.717812e-04
1.588000e+03	1.784000e+03	1.251500e-03	7.276907e-05	7.276907e-05
1.784000e+03	2.000000e+03	4.742700e-04	3.149750e-05	3.149750e-05
2.000000e+03	2.238000e+03	1.815900e-04	1.426657e-05	1.426657e-05
2.238000e+03	2.500000e+03	6.127500e-05	6.279759e-06	6.279759e-06
2.500000e+03	2.787000e+03	1.934800e-05	2.885537e-06	2.885537e-06
2.787000e+03	3.103000e+03	4.600800e-06	1.299444e-06	1.299444e-06
# END HISTO1D


# BEGIN HISTO1D /suppr800_bornktmin600_100M_ParisParams_posthadron_merged.yoda/CMS_2021_I1972986/d21-x01-y01
LineColor=red
LineStyle=solid
Path=/suppr800_bornktmin600_100M_ParisParams_posthadron_merged.yoda/CMS_2021_I1972986/d21-x01-y01
ScaledBy=1.65245554894573325e-05
Title=PS+MPI+HAD
# xlow	 xhigh	 val	 errminus	 errplus
9.700000e+01	1.330000e+02	4.362092e-01	8.373364e-03	8.373364e-03
1.330000e+02	1.740000e+02	3.255400e-01	6.775858e-03	6.775858e-03
1.740000e+02	2.200000e+02	2.715291e-01	5.884116e-03	5.884116e-03
2.200000e+02	2.720000e+02	2.362573e-01	5.152342e-03	5.152342e-03
2.720000e+02	3.300000e+02	1.975491e-01	4.429324e-03	4.429324e-03
3.300000e+02	3.950000e+02	1.920191e-01	4.175879e-03	4.175879e-03
3.950000e+02	4.680000e+02	1.968659e-01	4.020817e-03	4.020817e-03
4.680000e+02	5.480000e+02	2.602018e-01	4.560835e-03	4.560835e-03
5.480000e+02	6.380000e+02	5.865503e-01	6.701306e-03	6.701306e-03
6.380000e+02	7.370000e+02	4.995294e-01	5.249686e-03	5.249686e-03
7.370000e+02	8.460000e+02	2.196124e-01	2.753535e-03	2.753535e-03
8.460000e+02	9.670000e+02	9.322397e-02	1.421191e-03	1.421191e-03
9.670000e+02	1.101000e+03	3.888289e-02	7.334406e-04	7.334406e-04
1.101000e+03	1.248000e+03	1.643401e-02	4.012222e-04	4.012222e-04
1.248000e+03	1.410000e+03	6.261988e-03	2.081621e-04	2.081621e-04
1.410000e+03	1.588000e+03	2.495736e-03	1.174835e-04	1.174835e-04
1.588000e+03	1.784000e+03	1.149097e-03	7.083746e-05	7.083746e-05
1.784000e+03	2.000000e+03	3.350047e-04	3.325922e-05	3.325922e-05
2.000000e+03	2.238000e+03	1.157098e-04	1.771185e-05	1.771185e-05
2.238000e+03	2.500000e+03	3.422792e-05	8.853344e-06	8.853344e-06
2.500000e+03	2.787000e+03	3.910777e-06	2.765495e-06	2.765495e-06
2.787000e+03	3.103000e+03	1.655666e-06	1.655666e-06	1.655666e-06
# END HISTO1D


# BEGIN HISTO1D /suppr800_bornktmin600_100M_ParisParams_prehadron_merged.yoda/CMS_2021_I1972986/d21-x01-y01
LineColor=blue
LineStyle=solid
Path=/suppr800_bornktmin600_100M_ParisParams_prehadron_merged.yoda/CMS_2021_I1972986/d21-x01-y01
ScaledBy=1.59357470678225400e-06
Title=PS
# xlow	 xhigh	 val	 errminus	 errplus
9.700000e+01	1.330000e+02	4.472600e-01	2.625649e-03	2.625649e-03
1.330000e+02	1.740000e+02	3.291766e-01	2.112869e-03	2.112869e-03
1.740000e+02	2.200000e+02	2.661626e-01	1.801479e-03	1.801479e-03
2.200000e+02	2.720000e+02	2.280800e-01	1.571743e-03	1.571743e-03
2.720000e+02	3.300000e+02	2.030400e-01	1.405041e-03	1.405041e-03
3.300000e+02	3.950000e+02	1.918880e-01	1.297293e-03	1.297293e-03
3.950000e+02	4.680000e+02	1.947779e-01	1.245158e-03	1.245158e-03
4.680000e+02	5.480000e+02	2.581857e-01	1.414001e-03	1.414001e-03
5.480000e+02	6.380000e+02	6.039322e-01	2.121327e-03	2.121327e-03
6.380000e+02	7.370000e+02	4.953983e-01	1.617383e-03	1.617383e-03
7.370000e+02	8.460000e+02	2.210850e-01	8.523446e-04	8.523446e-04
8.460000e+02	9.670000e+02	9.434810e-02	4.427970e-04	4.427970e-04
9.670000e+02	1.101000e+03	3.907965e-02	2.326298e-04	2.326298e-04
1.101000e+03	1.248000e+03	1.630631e-02	1.254413e-04	1.254413e-04
1.248000e+03	1.410000e+03	6.429228e-03	6.683578e-05	6.683578e-05
1.410000e+03	1.588000e+03	2.591506e-03	3.689520e-05	3.689520e-05
1.588000e+03	1.784000e+03	9.657842e-04	2.028705e-05	2.028705e-05
1.784000e+03	2.000000e+03	3.493060e-04	1.054936e-05	1.054936e-05
2.000000e+03	2.238000e+03	1.329157e-04	5.889679e-06	5.889679e-06
2.238000e+03	2.500000e+03	4.334496e-05	3.086499e-06	3.086499e-06
2.500000e+03	2.787000e+03	1.252669e-05	1.531402e-06	1.531402e-06
2.787000e+03	3.103000e+03	2.721287e-06	6.600959e-07	6.600959e-07
# END HISTO1D

