# BEGIN PLOT
LegendOnly=/CMS_2021_I1972986/d04-x01-y01 /suppr1800_bornktmin75_1B_ParsiParams_MSTP_posthadron_merged.yoda/CMS_2021_I1972986/d04-x01-y01 /suppr1800_bornktmin75_1B_ParsiParams_MSTP_prehadron_merged.yoda/CMS_2021_I1972986/d04-x01-y01
DrawOnly=/CMS_2021_I1972986/d04-x01-y01 /suppr1800_bornktmin75_1B_ParsiParams_MSTP_posthadron_merged.yoda/CMS_2021_I1972986/d04-x01-y01 /suppr1800_bornktmin75_1B_ParsiParams_MSTP_prehadron_merged.yoda/CMS_2021_I1972986/d04-x01-y01
Title=CMS, $\sqrt(s)$ = 13 TeV, Inclusive AK4 jets, $1.5 < |y| < 2.0$
RatioPlotReference=/CMS_2021_I1972986/d04-x01-y01
RatioPlot=1
LogX=1
LogY=1
RatioPlotYMax=1.4
LegendXPos=0.65
XLabel=$p_{T}$ [GeV]
YLabel=d$^2\sigma$/d$p_{T}$d$y$ [pb/GeV]
LegendYPos=0.96
Legend=1
RatioPlotYMin=0.6
FullRange=1
# END PLOT

# BEGIN HISTO1D /CMS_2021_I1972986/d04-x01-y01
ConnectBins=0
ErrorBars=1
IsRef=1
Path=/CMS_2021_I1972986/d04-x01-y01
PolyMarker=*
Title=Data
# xlow	 xhigh	 val	 errminus	 errplus
9.700000e+01	1.330000e+02	6.398100e+03	3.942272e+02	3.942272e+02
1.330000e+02	1.740000e+02	1.433800e+03	7.805702e+01	7.805702e+01
1.740000e+02	2.200000e+02	3.841500e+02	2.010232e+01	2.010232e+01
2.200000e+02	2.720000e+02	1.126000e+02	5.771391e+00	5.771391e+00
2.720000e+02	3.300000e+02	3.567500e+01	1.820850e+00	1.820850e+00
3.300000e+02	3.950000e+02	1.185000e+01	6.111903e-01	6.111903e-01
3.950000e+02	4.680000e+02	4.059300e+00	2.148317e-01	2.148317e-01
4.680000e+02	5.480000e+02	1.391600e+00	7.705394e-02	7.705394e-02
5.480000e+02	6.380000e+02	4.812600e-01	2.826861e-02	2.826861e-02
6.380000e+02	7.370000e+02	1.591400e-01	1.013618e-02	1.013618e-02
7.370000e+02	8.460000e+02	5.135000e-02	3.641620e-03	3.641620e-03
8.460000e+02	9.670000e+02	1.568000e-02	1.277638e-03	1.277638e-03
9.670000e+02	1.101000e+03	4.298700e-03	4.116181e-04	4.116181e-04
1.101000e+03	1.248000e+03	1.083700e-03	1.278146e-04	1.278146e-04
1.248000e+03	1.410000e+03	1.935200e-04	3.001272e-05	3.001272e-05
1.410000e+03	1.588000e+03	4.504500e-05	9.848151e-06	9.848151e-06
# END HISTO1D


# BEGIN HISTO1D /suppr1800_bornktmin75_1B_ParsiParams_MSTP_posthadron_merged.yoda/CMS_2021_I1972986/d04-x01-y01
ErrorBars=1
LineColor=red
LineStyle=solid
Path=/suppr1800_bornktmin75_1B_ParsiParams_MSTP_posthadron_merged.yoda/CMS_2021_I1972986/d04-x01-y01
ScaledBy=2.67524170808832555e-06
Title=PS+MPI+HAD
# xlow	 xhigh	 val	 errminus	 errplus
9.700000e+01	1.330000e+02	6.402747e+03	1.943491e+02	1.943491e+02
1.330000e+02	1.740000e+02	1.554039e+03	5.418274e+01	5.418274e+01
1.740000e+02	2.200000e+02	3.730165e+02	9.968047e+00	9.968047e+00
2.200000e+02	2.720000e+02	1.185381e+02	4.206446e+00	4.206446e+00
2.720000e+02	3.300000e+02	3.524424e+01	7.329576e-01	7.329576e-01
3.300000e+02	3.950000e+02	1.172753e+01	2.078026e-01	2.078026e-01
3.950000e+02	4.680000e+02	3.922993e+00	1.283460e-01	1.283460e-01
4.680000e+02	5.480000e+02	1.365179e+00	3.639851e-02	3.639851e-02
5.480000e+02	6.380000e+02	4.438108e-01	7.436961e-03	7.436961e-03
6.380000e+02	7.370000e+02	1.544945e-01	4.802459e-03	4.802459e-03
7.370000e+02	8.460000e+02	5.389161e-02	3.499269e-03	3.499269e-03
8.460000e+02	9.670000e+02	1.548994e-02	3.905382e-04	3.905382e-04
9.670000e+02	1.101000e+03	4.260207e-03	1.346951e-04	1.346951e-04
1.101000e+03	1.248000e+03	1.150724e-03	4.853647e-05	4.853647e-05
1.248000e+03	1.410000e+03	2.829504e-04	1.800005e-05	1.800005e-05
1.410000e+03	1.588000e+03	5.798208e-05	7.556347e-06	7.556347e-06
# END HISTO1D


# BEGIN HISTO1D /suppr1800_bornktmin75_1B_ParsiParams_MSTP_prehadron_merged.yoda/CMS_2021_I1972986/d04-x01-y01
ErrorBars=1
LineColor=blue
LineStyle=solid
Path=/suppr1800_bornktmin75_1B_ParsiParams_MSTP_prehadron_merged.yoda/CMS_2021_I1972986/d04-x01-y01
ScaledBy=3.30120926596621597e-07
Title=PS
# xlow	 xhigh	 val	 errminus	 errplus
9.700000e+01	1.330000e+02	6.672219e+03	7.056542e+01	7.056542e+01
1.330000e+02	1.740000e+02	1.524431e+03	1.798935e+01	1.798935e+01
1.740000e+02	2.200000e+02	3.999585e+02	4.929355e+00	4.929355e+00
2.200000e+02	2.720000e+02	1.178998e+02	1.669309e+00	1.669309e+00
2.720000e+02	3.300000e+02	3.618641e+01	4.018148e-01	4.018148e-01
3.300000e+02	3.950000e+02	1.246486e+01	3.740407e-01	3.740407e-01
3.950000e+02	4.680000e+02	4.084405e+00	5.486114e-02	5.486114e-02
4.680000e+02	5.480000e+02	1.377596e+00	1.324642e-02	1.324642e-02
5.480000e+02	6.380000e+02	4.745391e-01	5.817719e-03	5.817719e-03
6.380000e+02	7.370000e+02	1.584411e-01	1.273811e-03	1.273811e-03
7.370000e+02	8.460000e+02	5.048251e-02	5.653002e-04	5.653002e-04
8.460000e+02	9.670000e+02	1.571185e-02	1.506973e-04	1.506973e-04
9.670000e+02	1.101000e+03	4.488191e-03	5.818549e-05	5.818549e-05
1.101000e+03	1.248000e+03	1.188819e-03	1.874105e-05	1.874105e-05
1.248000e+03	1.410000e+03	2.783156e-04	6.623808e-06	6.623808e-06
1.410000e+03	1.588000e+03	5.675090e-05	2.248626e-06	2.248626e-06
# END HISTO1D

