# BEGIN PLOT
LegendOnly=/CMS_2021_I1972986/d23-x01-y01 /Paris_CUETP8M_100T_PREHADRON_1_to_30.yoda/CMS_2021_I1972986/d23-x01-y01 /Paris_CUETP8M_100T_POSTHADRON_1_to_30.yoda/CMS_2021_I1972986/d23-x01-y01
DrawOnly=/CMS_2021_I1972986/d23-x01-y01 /Paris_CUETP8M_100T_PREHADRON_1_to_30.yoda/CMS_2021_I1972986/d23-x01-y01 /Paris_CUETP8M_100T_POSTHADRON_1_to_30.yoda/CMS_2021_I1972986/d23-x01-y01
Title=CMS, $\sqrt(s)$ = 13 TeV, Inclusive AK7 jets, $1.0 < |y| < 1.5$
RatioPlotReference=/CMS_2021_I1972986/d23-x01-y01
RatioPlot=1
LogX=1
LogY=1
RatioPlotYMax=1.4
LegendXPos=0.65
XLabel=$p_{T}$ [GeV]
YLabel=d$^2\sigma$/d$p_{T}$d$y$ [pb/GeV]
LegendYPos=0.95
Legend=1
RatioPlotYMin=0.6
FullRange=1
# END PLOT

# BEGIN HISTO1D /CMS_2021_I1972986/d23-x01-y01
ConnectBins=0
ErrorBars=1
IsRef=1
Path=/CMS_2021_I1972986/d23-x01-y01
PolyMarker=*
Title=Data
# xlow	 xhigh	 val	 errminus	 errplus
9.700000e+01	1.330000e+02	1.233000e+04	7.341257e+02	7.341257e+02
1.330000e+02	1.740000e+02	2.636100e+03	1.289461e+02	1.289461e+02
1.740000e+02	2.200000e+02	6.942100e+02	3.130901e+01	3.130901e+01
2.200000e+02	2.720000e+02	2.031500e+02	8.814384e+00	8.814384e+00
2.720000e+02	3.300000e+02	6.440400e+01	2.761782e+00	2.761782e+00
3.300000e+02	3.950000e+02	2.195600e+01	9.530258e-01	9.530258e-01
3.950000e+02	4.680000e+02	7.813100e+00	3.487576e-01	3.487576e-01
4.680000e+02	5.480000e+02	2.856500e+00	1.341957e-01	1.341957e-01
5.480000e+02	6.380000e+02	1.076000e+00	5.403755e-02	5.403755e-02
6.380000e+02	7.370000e+02	4.060600e-01	2.223318e-02	2.223318e-02
7.370000e+02	8.460000e+02	1.557300e-01	9.438165e-03	9.438165e-03
8.460000e+02	9.670000e+02	5.818000e-02	3.955196e-03	3.955196e-03
9.670000e+02	1.101000e+03	2.140700e-02	1.654477e-03	1.654477e-03
1.101000e+03	1.248000e+03	7.611300e-03	6.772960e-04	6.772960e-04
1.248000e+03	1.410000e+03	2.565300e-03	2.653674e-04	2.653674e-04
1.410000e+03	1.588000e+03	8.125000e-04	9.902570e-05	9.902570e-05
1.588000e+03	1.784000e+03	2.202300e-04	3.273929e-05	3.273929e-05
1.784000e+03	2.000000e+03	5.505100e-05	1.108755e-05	1.108755e-05
2.000000e+03	2.238000e+03	1.464700e-05	3.883734e-06	3.883734e-06
# END HISTO1D


# BEGIN HISTO1D /Paris_CUETP8M_100T_PREHADRON_1_to_30.yoda/CMS_2021_I1972986/d23-x01-y01
LineColor=red
LineStyle=solid
Path=/Paris_CUETP8M_100T_PREHADRON_1_to_30.yoda/CMS_2021_I1972986/d23-x01-y01
ScaledBy=1.03101563366756955e+03
Title=PS
# xlow	 xhigh	 val	 errminus	 errplus
9.700000e+01	1.330000e+02	1.342402e+04	1.413634e+01	1.413634e+01
1.330000e+02	1.740000e+02	2.920571e+03	2.933730e+00	2.933730e+00
1.740000e+02	2.200000e+02	7.628826e+02	7.768885e-01	7.768885e-01
2.200000e+02	2.720000e+02	2.270490e+02	2.321081e-01	2.321081e-01
2.720000e+02	3.300000e+02	7.255822e+01	7.556789e-02	7.556789e-02
3.300000e+02	3.950000e+02	2.487486e+01	2.668749e-02	2.668749e-02
3.950000e+02	4.680000e+02	8.817644e+00	9.721849e-03	9.721849e-03
4.680000e+02	5.480000e+02	3.274136e+00	3.808013e-03	3.808013e-03
5.480000e+02	6.380000e+02	1.226141e+00	1.499795e-03	1.499795e-03
6.380000e+02	7.370000e+02	4.628484e-01	6.070575e-04	6.070575e-04
7.370000e+02	8.460000e+02	1.775071e-01	2.654599e-04	2.654599e-04
8.460000e+02	9.670000e+02	6.517282e-02	1.040951e-04	1.040951e-04
9.670000e+02	1.101000e+03	2.402951e-02	4.368645e-05	4.368645e-05
1.101000e+03	1.248000e+03	8.448374e-03	1.815775e-05	1.815775e-05
1.248000e+03	1.410000e+03	2.863343e-03	7.314367e-06	7.314367e-06
1.410000e+03	1.588000e+03	9.197191e-04	3.034446e-06	3.034446e-06
1.588000e+03	1.784000e+03	2.631280e-04	1.138359e-06	1.138359e-06
1.784000e+03	2.000000e+03	6.937472e-05	4.065364e-07	4.065364e-07
2.000000e+03	2.238000e+03	1.607151e-05	1.474446e-07	1.474446e-07
# END HISTO1D


# BEGIN HISTO1D /Paris_CUETP8M_100T_POSTHADRON_1_to_30.yoda/CMS_2021_I1972986/d23-x01-y01
LineColor=blue
LineStyle=solid
Path=/Paris_CUETP8M_100T_POSTHADRON_1_to_30.yoda/CMS_2021_I1972986/d23-x01-y01
ScaledBy=9.26231185686112622e+03
Title=PS+HAD+MPI
# xlow	 xhigh	 val	 errminus	 errplus
9.700000e+01	1.330000e+02	1.527176e+04	4.931851e+01	4.931851e+01
1.330000e+02	1.740000e+02	3.200976e+03	1.089402e+01	1.089402e+01
1.740000e+02	2.200000e+02	7.979080e+02	2.359223e+00	2.359223e+00
2.200000e+02	2.720000e+02	2.352546e+02	7.462636e-01	7.462636e-01
2.720000e+02	3.300000e+02	7.432255e+01	2.298786e-01	2.298786e-01
3.300000e+02	3.950000e+02	2.509763e+01	7.996236e-02	7.996236e-02
3.950000e+02	4.680000e+02	9.077016e+00	3.098589e-02	3.098589e-02
4.680000e+02	5.480000e+02	3.290925e+00	1.165402e-02	1.165402e-02
5.480000e+02	6.380000e+02	1.250562e+00	4.597635e-03	4.597635e-03
6.380000e+02	7.370000e+02	4.742191e-01	1.959437e-03	1.959437e-03
7.370000e+02	8.460000e+02	1.779729e-01	7.699509e-04	7.699509e-04
8.460000e+02	9.670000e+02	6.705666e-02	3.152437e-04	3.152437e-04
9.670000e+02	1.101000e+03	2.460652e-02	1.325419e-04	1.325419e-04
1.101000e+03	1.248000e+03	8.339707e-03	5.468023e-05	5.468023e-05
1.248000e+03	1.410000e+03	2.741902e-03	2.173145e-05	2.173145e-05
1.410000e+03	1.588000e+03	9.373882e-04	8.393232e-06	8.393232e-06
1.588000e+03	1.784000e+03	2.602441e-04	3.491150e-06	3.491150e-06
1.784000e+03	2.000000e+03	7.424199e-05	1.371647e-06	1.371647e-06
2.000000e+03	2.238000e+03	1.372673e-05	6.055387e-07	6.055387e-07
# END HISTO1D

